0.000654 1.12025e-13 1
0.001963 1.10904e-05 26
0.003272 8.71756e-06 66
0.004581 1.8209e-05 158
0.005890 1.37316e-05 234
0.007199 1.56768e-05 410
0.008508 1.41387e-05 500
0.009817 1.37112e-05 708
0.011126 1.14987e-05 866
0.012435 9.85346e-06 1170
0.013744 8.26377e-06 1358
0.015053 7.37821e-06 1626
0.016362 6.58164e-06 1970
0.017671 5.85941e-06 2396
0.018980 4.93738e-06 2524
0.020289 5.04443e-06 3058
0.021598 4.32526e-06 3306
0.022907 4.34687e-06 3926
0.024216 3.7614e-06 4242
0.025525 3.54881e-06 4826
0.026834 3.30773e-06 5294
0.028143 3.01033e-06 5730
0.029452 2.84714e-06 6410
0.030761 2.80832e-06 6942
0.032070 2.53509e-06 7370
0.033379 2.61403e-06 8330
0.034688 2.46243e-06 8754
0.035997 2.44253e-06 9740
0.037306 2.21867e-06 9828
0.038615 2.27109e-06 11178
0.039924 2.08552e-06 11342
0.041233 2.1112e-06 12770
0.042542 1.98023e-06 13106
0.043851 1.9779e-06 14250
0.045160 1.84998e-06 14894
0.046469 1.79748e-06 15858
0.047778 1.74754e-06 16706
0.049087 1.68821e-06 17550
0.050396 1.64558e-06 18626
0.051705 1.59238e-06 19682
0.053014 1.52192e-06 20414
0.054323 1.51552e-06 21786
0.055632 1.43765e-06 22578
0.056941 1.42954e-06 24050
0.058250 1.37318e-06 24846
0.059559 1.33191e-06 26114
0.060868 1.29298e-06 26738
0.062177 1.27643e-06 28494
0.063486 1.22669e-06 29426
0.064795 1.21253e-06 30978
0.066104 1.17097e-06 32034
0.067413 1.15919e-06 33550
0.068722 1.12139e-06 34506
0.070031 1.10155e-06 36194
0.071340 1.0603e-06 36678
0.072649 1.06021e-06 39176
0.073958 1.02104e-06 39868
0.075267 9.9244e-07 41242
0.076576 9.79936e-07 43310
0.077885 9.53338e-07 44242
0.079194 9.49111e-07 46354
0.080503 9.20588e-07 47334
0.081812 9.1293e-07 48962
0.083121 9.00309e-07 51306
0.084430 8.45565e-07 51350
0.085739 8.61805e-07 54818
0.087048 8.20117e-07 54810
0.088357 8.12167e-07 57434
0.089666 8.06472e-07 59190
0.090975 7.87635e-07 60602
0.092284 7.69854e-07 62202
0.093593 7.52234e-07 64046
0.094902 7.44022e-07 65954
0.096211 7.41796e-07 68898
0.097520 7.1002e-07 69098
0.098829 7.01797e-07 72222
0.100138 6.83264e-07 73194
0.101447 6.71478e-07 75322
0.102756 6.63093e-07 77246
0.104065 6.51182e-07 79314
0.105374 6.45544e-07 81090
0.106683 6.30059e-07 83662
0.107992 6.23684e-07 86218
0.109301 6.07199e-07 87386
0.110610 5.90922e-07 89234
0.111919 5.95137e-07 92454
0.113228 5.72701e-07 93826
0.114537 5.67331e-07 96466
0.115846 5.48202e-07 97166
0.117155 5.58017e-07 101994
0.118464 5.40144e-07 102794
0.119773 5.31184e-07 105050
0.121082 5.25971e-07 107502
0.122391 5.12427e-07 109826
0.123700 5.05943e-07 111954
0.125009 4.93986e-07 114830
0.126318 4.84086e-07 116210
0.127627 4.79812e-07 120066
0.128936 4.70139e-07 122314
0.130245 4.63394e-07 124054
0.131554 4.51781e-07 126458
0.132863 4.52115e-07 130474
0.134172 4.38337e-07 131206
0.135481 4.34029e-07 135122
0.136790 4.22269e-07 137010
0.138099 4.17661e-07 140006
0.139408 4.06232e-07 142074
0.140717 4.04812e-07 146042
0.142026 3.90576e-07 146650
0.143335 3.8992e-07 151582
0.144644 3.78665e-07 152042
0.145953 3.78461e-07 157536
0.147262 3.69299e-07 158788
0.148571 3.62459e-07 162038
0.149880 3.57732e-07 164866
0.151189 3.49661e-07 167898
0.152498 3.43123e-07 170246
0.153807 3.38096e-07 173858
0.155116 3.3106e-07 176440
0.156425 3.23819e-07 178400
0.157734 3.17173e-07 182666
0.159043 3.13955e-07 185690
0.160352 3.05665e-07 188174
0.161661 3.0221e-07 192666
0.162970 2.93713e-07 194498
0.164279 2.89956e-07 199194
0.165588 2.78815e-07 198374
0.166897 2.76495e-07 205074
0.168206 2.71564e-07 206954
0.169515 2.64637e-07 211502
0.170824 2.58427e-07 213738
0.172133 2.53789e-07 217394
0.173442 2.48614e-07 221154
0.174751 2.43587e-07 225110
0.176060 2.35386e-07 225186
0.177369 2.32902e-07 231146
0.178678 2.27141e-07 234606
0.179987 2.20581e-07 237122
0.181296 2.16856e-07 241250
0.182605 2.10418e-07 243870
0.183914 2.05659e-07 248882
0.185223 1.99785e-07 251034
0.186532 1.94521e-07 254714
0.187841 1.9008e-07 259790
0.189150 1.8362e-07 261402
0.190459 1.81014e-07 267842
0.191768 1.73681e-07 268374
0.193077 1.70919e-07 274250
0.194386 1.64646e-07 276914
0.195695 1.60896e-07 281874
0.197004 1.54315e-07 282734
0.198313 1.50899e-07 288762
0.199622 1.45172e-07 291098
0.200931 1.42183e-07 298390
0.202240 1.35934e-07 299170
0.203549 1.32236e-07 303650
0.204858 1.27038e-07 306906
0.206167 1.23712e-07 311782
0.207476 1.19378e-07 316234
0.208785 1.14821e-07 319682
0.210094 1.10683e-07 322350
0.211403 1.07513e-07 329354
0.212712 1.03292e-07 332114
0.214021 9.92856e-08 335438
0.215330 9.58578e-08 340506
0.216639 9.16344e-08 344514
0.217948 8.75329e-08 347330
0.219257 8.44154e-08 353238
0.220566 8.05686e-08 355106
0.221875 7.74634e-08 362570
0.223184 7.41906e-08 365118
0.224493 7.10791e-08 369962
0.225802 6.7606e-08 373554
0.227111 6.49843e-08 378154
0.228420 6.22452e-08 382974
0.229729 5.92953e-08 387690
0.231038 5.63939e-08 390562
0.232347 5.34771e-08 394438
0.233656 5.13435e-08 400466
0.234965 4.891e-08 406074
0.236274 4.6466e-08 409750
0.237583 4.41305e-08 412434
0.238892 4.22596e-08 419058
0.240201 4.03681e-08 425162
0.241510 3.79619e-08 426342
0.242819 3.63482e-08 433154
0.244128 3.42353e-08 436386
0.245437 3.27279e-08 444302
0.246746 3.05799e-08 443282
0.248055 2.94336e-08 452346
0.249364 2.75667e-08 453962
0.250673 2.64721e-08 463806
0.251982 2.47828e-08 462986
0.253291 2.3751e-08 472082
0.254600 2.24403e-08 474914
0.255909 2.12594e-08 481398
0.257218 2.0201e-08 485538
0.258527 1.90233e-08 487930
0.259836 1.81532e-08 495550
0.261145 1.71719e-08 500546
0.262454 1.62738e-08 505186
0.263763 1.5489e-08 510454
0.265072 1.46266e-08 514330
0.266381 1.39019e-08 522530
0.267690 1.31266e-08 523126
0.268999 1.25637e-08 533778
0.270308 1.17561e-08 534098
0.271617 1.12321e-08 541154
0.272926 1.05801e-08 545286
0.274235 1.01272e-08 552410
0.275544 9.54092e-09 556338
0.276853 9.11807e-09 561758
0.278162 8.64181e-09 567138
0.279471 8.28367e-09 575474
0.280780 7.78851e-09 576746
0.282089 7.41901e-09 582750
0.283398 7.03212e-09 589450
0.284707 6.67314e-09 593594
0.286016 6.38046e-09 601462
0.287325 6.06306e-09 603842
0.288634 5.78136e-09 611720
0.289943 5.51047e-09 616872
0.291252 5.26095e-09 621554
0.292561 4.99666e-09 628728
0.293870 4.77815e-09 632220
0.295179 4.55076e-09 640762
0.296488 4.33287e-09 641982
0.297797 4.17425e-09 652258
0.299106 3.98226e-09 655454
0.300415 3.83283e-09 663626
0.301724 3.65753e-09 664994
0.303033 3.51937e-09 674706
0.304342 3.38562e-09 679118
0.305651 3.24375e-09 686618
0.306960 3.12092e-09 690792
0.308269 2.99266e-09 696128
0.309578 2.89267e-09 702522
0.310887 2.78545e-09 708984
0.312196 2.66926e-09 711368
0.313505 2.5945e-09 723354
0.314814 2.48432e-09 726896
0.316123 2.39461e-09 733076
0.317432 2.3106e-09 740054
0.318741 2.21805e-09 745338
0.320050 2.14268e-09 751930
0.321359 2.05274e-09 756054
0.322668 1.97856e-09 762234
0.323977 1.90893e-09 772898
0.325286 1.83098e-09 775048
0.326595 1.75282e-09 780376
0.327904 1.69202e-09 788610
0.329213 1.6271e-09 796346
0.330522 1.56057e-09 799646
0.331831 1.49665e-09 806226
0.333140 1.44944e-09 816982
0.334449 1.38523e-09 820102
0.335758 1.3325e-09 825390
0.337067 1.28396e-09 833162
0.338376 1.23305e-09 839882
0.339685 1.18566e-09 845990
0.340994 1.14279e-09 852882
0.342303 1.10116e-09 859346
0.343612 1.05417e-09 863934
0.344921 1.02748e-09 875018
0.346230 9.82498e-10 877410
0.347539 9.54833e-10 889106
0.348848 9.13465e-10 888782
0.350157 8.84071e-10 899466
0.351466 8.57973e-10 908258
0.352775 8.26136e-10 913806
0.354084 7.94468e-10 915074
0.355393 7.73641e-10 930434
0.356702 7.39406e-10 931050
0.358011 7.18669e-10 942510
0.359320 6.87984e-10 944210
0.360629 6.65273e-10 953882
0.361938 6.44904e-10 963126
0.363247 6.18778e-10 964082
0.364556 5.97975e-10 975338
0.365865 5.76753e-10 982398
0.367174 5.55812e-10 988178
0.368483 5.35146e-10 996618
0.369792 5.15887e-10 1001474
0.371101 5.01488e-10 1012734
0.372410 4.80377e-10 1014122
0.373719 4.66854e-10 1028114
0.375028 4.45816e-10 1027086
0.376337 4.3241e-10 1041002
0.377646 4.15355e-10 1043058
0.378955 4.02013e-10 1055378
0.380264 3.87702e-10 1060142
0.381573 3.73101e-10 1067826
0.382882 3.60056e-10 1075034
0.384191 3.47776e-10 1085022
0.385500 3.34656e-10 1087778
0.386809 3.2331e-10 1098522
0.388118 3.12049e-10 1102682
0.389427 3.01071e-10 1113926
0.390736 2.90952e-10 1120074
0.392045 2.79875e-10 1126274
0.393354 2.71643e-10 1133814
0.394663 2.61595e-10 1140362
0.395972 2.53661e-10 1154010
0.397281 2.43959e-10 1156022
0.398590 2.34529e-10 1162946
0.399899 2.26831e-10 1175562
0.401208 2.17702e-10 1178354
0.402517 2.11201e-10 1192390
0.403826 2.01954e-10 1189714
0.405135 1.96403e-10 1206786
0.406444 1.8818e-10 1210926
0.407753 1.81766e-10 1221298
0.409063 1.74114e-10 1226226
0.410372 1.67454e-10 1234562
0.411681 1.6198e-10 1245558
0.412990 1.56154e-10 1250722
0.414299 1.50694e-10 1257578
0.415608 1.45216e-10 1266622
0.416917 1.40179e-10 1274274
0.418226 1.34979e-10 1282562
0.419535 1.30066e-10 1288262
0.420844 1.26111e-10 1299930
0.422153 1.21579e-10 1309850
0.423462 1.18044e-10 1315202
0.424771 1.13684e-10 1319898
0.426080 1.10303e-10 1333118
0.427389 1.06941e-10 1340274
0.428698 1.03639e-10 1348558
0.430007 1.00047e-10 1355362
0.431316 9.70434e-11 1366274
0.432625 9.40421e-11 1374456
0.433934 9.05701e-11 1376096
0.435243 8.80177e-11 1386946
0.436552 8.55051e-11 1402258
0.437861 8.20853e-11 1401542
0.439170 7.98499e-11 1416930
0.440479 7.7181e-11 1422050
0.441788 7.46349e-11 1430666
0.443097 7.23417e-11 1440702
0.444406 7.00206e-11 1449050
0.445715 6.78827e-11 1458642
0.447024 6.55627e-11 1465430
0.448333 6.32831e-11 1470458
0.449642 6.18001e-11 1488162
0.450951 5.9515e-11 1487166
0.452260 5.80622e-11 1504754
0.453569 5.59152e-11 1504658
0.454878 5.43476e-11 1516202
0.456187 5.26424e-11 1527894
0.457496 5.12298e-11 1536170
0.458805 4.93838e-11 1543494
0.460114 4.78802e-11 1550906
0.461423 4.64355e-11 1561386
0.462732 4.50535e-11 1573234
0.464041 4.35744e-11 1574722
0.465350 4.24758e-11 1592846
0.466659 4.10652e-11 1594082
0.467968 3.98424e-11 1607538
0.469277 3.85322e-11 1613574
0.470586 3.72556e-11 1621898
0.471895 3.63039e-11 1636442
0.473204 3.49387e-11 1638286
0.474513 3.39368e-11 1654834
0.475822 3.28328e-11 1660034
0.477131 3.16826e-11 1667922
0.478440 3.07809e-11 1683638
0.479749 2.95431e-11 1681314
0.481058 2.88563e-11 1701986
0.482367 2.78174e-11 1703798
0.483676 2.70629e-11 1720770
0.484985 2.605e-11 1721458
0.486294 2.52976e-11 1732186
0.487603 2.46089e-11 1745318
0.488912 2.38567e-11 1754466
0.490221 2.31191e-11 1763186
0.491530 2.24379e-11 1771598
0.492839 2.17474e-11 1776426
0.494148 2.12231e-11 1796066
0.495457 2.0559e-11 1797030
0.496766 2.00111e-11 1811762
0.498075 1.94073e-11 1817226
0.499384 1.88643e-11 1826930
0.500693 1.83795e-11 1840022
0.502002 1.78037e-11 1850346
0.503311 1.73729e-11 1857578
0.504620 1.6865e-11 1871142
0.505929 1.62762e-11 1871890
0.507238 1.58842e-11 1889250
0.508547 1.5355e-11 1894050
0.509856 1.49763e-11 1911922
0.511165 1.44648e-11 1910590
0.512474 1.40946e-11 1929242
0.513783 1.37116e-11 1938076
0.515092 1.32651e-11 1942324
0.516401 1.28777e-11 1953074
0.517710 1.25678e-11 1968122
0.519019 1.22021e-11 1976166
0.520328 1.18178e-11 1982226
0.521637 1.14968e-11 1998946
0.522946 1.11696e-11 2005222
0.524255 1.08506e-11 2014034
0.525564 1.05577e-11 2030818
0.526873 1.02057e-11 2030942
0.528182 9.95368e-12 2048530
0.529491 9.65698e-12 2059392
0.530800 9.39746e-12 2064196
0.532108 9.11027e-12 2071126
0.533417 8.89585e-12 2086962
0.534726 8.66757e-12 2102018
0.536035 8.40053e-12 2104958
0.537344 8.17994e-12 2118474
0.538653 7.98223e-12 2129306
0.539962 7.74911e-12 2135738
0.541271 7.53859e-12 2148470
0.542580 7.33717e-12 2155218
0.543889 7.15058e-12 2174810
0.545198 6.92872e-12 2175846
0.546507 6.73795e-12 2187890
0.547816 6.59851e-12 2205258
0.549125 6.38172e-12 2209238
0.550434 6.21265e-12 2223738
0.551743 6.03647e-12 2231642
0.553052 5.88147e-12 2245946
0.554361 5.71622e-12 2254470
0.555670 5.54476e-12 2260634
0.556979 5.42729e-12 2281338
0.558288 5.26275e-12 2286844
0.559597 5.11415e-12 2295756
0.560906 4.95257e-12 2304426
0.562215 4.83737e-12 2317850
0.563524 4.70183e-12 2325462
0.564833 4.5754e-12 2339978
0.566142 4.46061e-12 2351194
0.567451 4.33838e-12 2363526
0.568760 4.23013e-12 2376810
0.570069 4.09986e-12 2376610
0.571378 3.99927e-12 2393506
0.572687 3.89952e-12 2409870
0.573996 3.79276e-12 2412690
0.575305 3.70267e-12 2430658
0.576614 3.60051e-12 2436534
0.577923 3.51325e-12 2451808
0.579232 3.41427e-12 2458324
0.580541 3.32406e-12 2470070
0.581850 3.24178e-12 2484024
0.583159 3.15628e-12 2496124
0.584468 3.07056e-12 2502210
0.585777 3.00141e-12 2521476
0.587086 2.9027e-12 2515756
0.588395 2.85382e-12 2547586
0.589704 2.77077e-12 2550926
0.591012 2.69969e-12 2562446
0.592321 2.62567e-12 2571702
0.593630 2.56306e-12 2584922
0.594939 2.50155e-12 2598824
0.596248 2.43255e-12 2603320
0.597557 2.37572e-12 2619194
0.598866 2.31613e-12 2632014
0.600175 2.25445e-12 2639722
0.601484 2.19806e-12 2655282
0.602793 2.13981e-12 2661302
0.604102 2.08879e-12 2676114
0.605411 2.03132e-12 2685698
0.606720 1.98522e-12 2704722
0.608029 1.92794e-12 2708294
0.609338 1.88371e-12 2725226
0.610647 1.8376e-12 2738824
0.611956 1.78506e-12 2741488
0.613265 1.74334e-12 2758962
0.614574 1.70305e-12 2773736
0.615883 1.65677e-12 2775812
0.617192 1.62297e-12 2798478
0.618501 1.57869e-12 2806584
0.619810 1.53869e-12 2813636
0.621119 1.50274e-12 2829710
0.622428 1.46763e-12 2844376
0.623737 1.42909e-12 2850300
0.625046 1.39642e-12 2861542
0.626355 1.3671e-12 2877506
0.627664 1.33515e-12 2890146
0.628973 1.30324e-12 2899106
0.630282 1.27365e-12 2918964
0.631591 1.24252e-12 2924412
0.632900 1.21508e-12 2940298
0.634209 1.18112e-12 2948022
0.635518 1.15667e-12 2961746
0.636827 1.12305e-12 2970626
0.638136 1.10028e-12 2990178
0.639445 1.07333e-12 2999700
0.640754 1.04915e-12 3013276
0.642063 1.02211e-12 3017202
0.643372 1.0035e-12 3039854
0.644681 9.78527e-13 3044250
0.645990 9.60147e-13 3066674
0.647299 9.34495e-13 3068298
0.648607 9.15359e-13 3087902
0.649916 8.93417e-13 3092610
0.651225 8.75139e-13 3117456
0.652534 8.54033e-13 3117664
0.653843 8.35838e-13 3134610
0.655152 8.18719e-13 3152426
0.656461 7.98985e-13 3152790
0.657770 7.84663e-13 3174770
0.659079 7.68282e-13 3187386
0.660388 7.51592e-13 3194762
0.661697 7.38834e-13 3218054
0.663006 7.20147e-13 3217622
0.664315 7.08257e-13 3241350
0.665624 6.92051e-13 3248478
0.666933 6.79146e-13 3264214
0.668242 6.62644e-13 3267546
0.669551 6.51983e-13 3293718
0.670860 6.37226e-13 3299126
0.672169 6.24695e-13 3315850
0.673478 6.11524e-13 3321946
0.674787 6.00213e-13 3342966
0.676096 5.87391e-13 3349970
0.677405 5.76339e-13 3365138
0.678714 5.65374e-13 3377886
0.680023 5.55395e-13 3393218
0.681332 5.44029e-13 3401274
0.682641 5.35554e-13 3422450
0.683950 5.25797e-13 3429390
0.685259 5.15828e-13 3443402
0.686568 5.05614e-13 3456938
0.687877 4.97556e-13 3474246
0.689186 4.86861e-13 3477482
0.690495 4.8096e-13 3499314
0.691804 4.70991e-13 3507626
0.693113 4.64655e-13 3521622
0.694422 4.56871e-13 3540770
0.695731 4.49506e-13 3550634
0.697040 4.41287e-13 3562998
0.698349 4.3441e-13 3576962
0.699658 4.26675e-13 3586266
0.700967 4.19118e-13 3602354
0.702276 4.1258e-13 3621470
0.703585 4.05488e-13 3626034
0.704894 4.00003e-13 3649930
0.706203 3.93064e-13 3656710
0.707511 3.86665e-13 3667898
0.708820 3.81236e-13 3684906
0.710129 3.7528e-13 3692318
0.711438 3.7204e-13 3721706
0.712747 3.65003e-13 3717354
0.714056 3.61277e-13 3745826
0.715365 3.55705e-13 3752454
0.716674 3.50379e-13 3766314
0.717983 3.46005e-13 3779042
0.719292 3.41378e-13 3800558
0.720601 3.36129e-13 3801482
0.721910 3.32561e-13 3826098
0.723219 3.28193e-13 3833762
0.724528 3.24077e-13 3854334
0.725837 3.2026e-13 3861626
0.727146 3.1557e-13 3873074
0.728455 3.12934e-13 3900222
0.729764 3.07306e-13 3899714
0.731073 3.04013e-13 3918618
0.732382 3.01067e-13 3933422
0.733691 2.97889e-13 3946050
0.735000 2.94469e-13 3962282
0.736309 2.91336e-13 3977834
0.737618 2.88861e-13 3995022
0.738927 2.8456e-13 3997034
0.740236 2.83385e-13 4029234
0.741545 2.79534e-13 4026422
0.742854 2.77098e-13 4047546
0.744163 2.73717e-13 4060826
0.745472 2.71726e-13 4080362
0.746781 2.68504e-13 4085070
0.748090 2.65853e-13 4101746
0.749399 2.63616e-13 4117770
0.750708 2.61482e-13 4137734
0.752017 2.58346e-13 4139586
0.753326 2.56824e-13 4168418
0.754635 2.54355e-13 4172114
0.755944 2.52374e-13 4190430
0.757253 2.50786e-13 4207786
0.758562 2.48671e-13 4224706
0.759871 2.46522e-13 4236326
0.761180 2.44397e-13 4245290
0.762489 2.4278e-13 4266402
0.763798 2.41226e-13 4281446
0.765106 2.39261e-13 4288218
0.766415 2.38325e-13 4310570
0.767724 2.36353e-13 4320114
0.769033 2.34352e-13 4336694
0.770342 2.33213e-13 4353482
0.771651 2.31604e-13 4364826
0.772960 2.30334e-13 4383398
0.774269 2.29049e-13 4397562
0.775578 2.27188e-13 4407146
0.776887 2.26421e-13 4431090
0.778196 2.2497e-13 4437806
0.779505 2.24016e-13 4458602
0.780814 2.22466e-13 4465714
0.782123 2.2181e-13 4492990
0.783432 2.20377e-13 4500666
0.784741 2.19011e-13 4513034
0.786050 2.17713e-13 4526574
0.787359 2.17088e-13 4557146
0.788668 2.15454e-13 4554314
0.789977 2.15021e-13 4583010
0.791286 2.13602e-13 4589702
0.792595 2.12763e-13 4607082
0.793904 2.11973e-13 4619922
0.795213 2.11253e-13 4640686
0.796522 2.10306e-13 4651338
0.797831 2.09301e-13 4667642
0.799140 2.08507e-13 4682922
0.800449 2.08104e-13 4707254
0.801758 2.06804e-13 4707594
0.803067 2.0609e-13 4730954
0.804376 2.05576e-13 4743446
0.805685 2.04486e-13 4758442
0.806994 2.03888e-13 4778314
0.808303 2.03201e-13 4788702
0.809612 2.02707e-13 4814618
0.810921 2.01857e-13 4817130
0.812230 2.01772e-13 4841234
0.813539 2.01153e-13 4856094
0.814848 2.00141e-13 4863002
0.816157 1.99912e-13 4891298
0.817466 1.99031e-13 4897614
0.818775 1.99021e-13 4919330
0.820084 1.97933e-13 4923834
0.821393 1.97887e-13 4957130
0.822702 1.97229e-13 4962302
0.824010 1.97064e-13 4986162
0.825319 1.95837e-13 4985690
0.826628 1.95979e-13 5017742
0.827937 1.95375e-13 5024058
0.829246 1.95061e-13 5043562
0.830555 1.9463e-13 5053714
0.831864 1.94633e-13 5080886
0.833173 1.94083e-13 5088162
0.834482 1.93814e-13 5109906
0.835791 1.92954e-13 5115446
0.837100 1.93316e-13 5145554
0.838409 1.92616e-13 5150954
0.839718 1.92142e-13 5170950
0.841027 1.91933e-13 5185946
0.842336 1.92359e-13 5213226
0.843645 1.91454e-13 5216250
0.844954 1.91264e-13 5235998
0.846263 1.90597e-13 5246026
0.847572 1.90954e-13 5277570
0.848881 1.89983e-13 5276598
0.850190 1.90225e-13 5305622
0.851499 1.90241e-13 5322902
0.852808 1.89543e-13 5328978
0.854117 1.89393e-13 5350414
0.855426 1.89222e-13 5365042
0.856735 1.8907e-13 5384258
0.858044 1.88806e-13 5403446
0.859353 1.88366e-13 5407098
0.860662 1.88641e-13 5434626
0.861971 1.88411e-13 5452390
0.863280 1.88008e-13 5465466
0.864589 1.8808e-13 5483034
0.865898 1.87961e-13 5498760
0.867207 1.87423e-13 5513664
0.868516 1.8783e-13 5536642
0.869825 1.87431e-13 5546392
0.871134 1.87262e-13 5566656
0.872443 1.87236e-13 5584266
0.873752 1.87234e-13 5596170
0.875061 1.86782e-13 5611122
0.876370 1.86763e-13 5635910
0.877679 1.86458e-13 5643706
0.878988 1.87051e-13 5670730
0.880297 1.86306e-13 5685086
0.881606 1.86468e-13 5699186
0.882914 1.86316e-13 5714026
0.884223 1.86221e-13 5733322
0.885532 1.8645e-13 5757078
0.886841 1.86136e-13 5765978
0.888150 1.85937e-13 5782322
0.889459 1.86174e-13 5804166
0.890768 1.8582e-13 5816042
0.892077 1.85761e-13 5837898
0.893386 1.85859e-13 5852414
0.894695 1.85977e-13 5875530
0.896004 1.85613e-13 5882594
0.897313 1.85901e-13 5909354
0.898622 1.85611e-13 5919886
0.899931 1.85566e-13 5939866
0.901240 1.8547e-13 5952786
0.902549 1.85539e-13 5982318
0.903858 1.8558e-13 5990978
0.905167 1.85618e-13 6009866
0.906476 1.85339e-13 6022498
0.907785 1.85615e-13 6049774
0.909094 1.85177e-13 6059210
0.910403 1.85433e-13 6079634
0.911712 1.85383e-13 6087942
0.913021 1.85514e-13 6112242
0.914330 1.85695e-13 6138530
0.915639 1.85402e-13 6143294
0.916948 1.85418e-13 6166650
0.918257 1.85372e-13 6184358
0.919566 1.85413e-13 6198798
0.920875 1.85629e-13 6228086
0.922184 1.8532e-13 6227498
0.923493 1.85666e-13 6264234
0.924802 1.85092e-13 6259118
0.926111 1.85695e-13 6299642
0.927420 1.85713e-13 6307362
0.928729 1.85771e-13 6330522
0.930038 1.85534e-13 6342518
0.931347 1.85407e-13 6360170
0.932656 1.85458e-13 6380226
0.933965 1.85714e-13 6399086
0.935274 1.85519e-13 6411546
0.936583 1.85772e-13 6433466
0.937892 1.85565e-13 6442110
0.939201 1.86006e-13 6478146
0.940509 1.85648e-13 6483562
0.941818 1.85823e-13 6504042
0.943127 1.86202e-13 6523230
0.944436 1.85938e-13 6545090
0.945745 1.85664e-13 6556778
0.947054 1.86216e-13 6579502
0.948363 1.86009e-13 6592570
0.949672 1.86427e-13 6624914
0.950981 1.8576e-13 6623322
0.952290 1.86049e-13 6658166
0.953599 1.86043e-13 6662298
0.954908 1.86369e-13 6692930
0.956217 1.86236e-13 6707270
0.957526 1.86215e-13 6718698
0.958835 1.86252e-13 6744690
0.960144 1.86428e-13 6765242
0.961453 1.86553e-13 6777878
0.962762 1.86582e-13 6797274
0.964071 1.86534e-13 6814210
0.965380 1.86603e-13 6834318
0.966689 1.865e-13 6848714
0.967998 1.87041e-13 6875826
0.969307 1.86875e-13 6891774
0.970616 1.8684e-13 6911314
0.971925 1.86759e-13 6924930
0.973234 1.86828e-13 6948618
0.974543 1.86927e-13 6963366
0.975852 1.87334e-13 6986954
0.977161 1.8677e-13 6998258
0.978470 1.87387e-13 7027710
0.979779 1.87231e-13 7036794
0.981088 1.86979e-13 7056946
0.982397 1.87305e-13 7077546
0.983706 1.87457e-13 7097462
0.985015 1.8752e-13 7118706
0.986324 1.8762e-13 7131122
0.987633 1.87819e-13 7153574
0.988942 1.87739e-13 7174194
0.990251 1.87747e-13 7190642
0.991560 1.87611e-13 7201254
0.992869 1.88322e-13 7240442
0.994178 1.88054e-13 7250106
0.995487 1.88165e-13 7264322
0.996796 1.88652e-13 7296558
0.998105 1.88211e-13 7298786
0.999413 1.88457e-13 7332410
1.000723 1.88323e-13 7338574
1.002032 1.88656e-13 7369114
1.003341 1.8866e-13 7372818
1.004650 1.88633e-13 7406258
1.005959 1.88603e-13 7418310
1.007268 1.88804e-13 7442930
1.008577 1.88985e-13 7463008
1.009886 1.88786e-13 7475464
1.011195 1.89085e-13 7505090
1.012504 1.89183e-13 7522922
1.013813 1.88917e-13 7527498
1.015122 1.89721e-13 7566134
1.016431 1.89372e-13 7577428
1.017740 1.89253e-13 7589632
1.019049 1.8941e-13 7614582
1.020358 1.89752e-13 7638214
1.021667 1.89797e-13 7658278
1.022976 1.89687e-13 7668158
1.024285 1.89769e-13 7698816
1.025594 1.90294e-13 7721612
1.026903 1.89872e-13 7716554
1.028212 1.9038e-13 7767796
1.029521 1.90207e-13 7767196
1.030830 1.90282e-13 7790154
1.032139 1.90748e-13 7819702
1.033448 1.90574e-13 7827714
1.034757 1.90743e-13 7852130
1.036067 1.90585e-13 7873202
1.037376 1.90731e-13 7892686
1.038685 1.91171e-13 7917146
1.039994 1.91051e-13 7936392
1.041303 1.90731e-13 7941968
1.042612 1.91169e-13 7971218
1.043921 1.91637e-13 8003258
1.045230 1.90832e-13 7990878
1.046539 1.91599e-13 8051202
1.047848 1.91499e-13 8048512
1.049157 1.91568e-13 8067948
1.050466 1.91898e-13 8099046
1.051775 1.91919e-13 8112778
1.053084 1.91867e-13 8131402
1.054393 1.92212e-13 8161998
1.055702 1.91981e-13 8163954
1.057011 1.92215e-13 8195794
1.058320 1.91972e-13 8199338
1.059629 1.93109e-13 8258964
1.060938 1.92326e-13 8239484
1.062247 1.9285e-13 8285186
1.063556 1.92548e-13 8293124
1.064865 1.92787e-13 8310148
1.066174 1.93069e-13 8340618
1.067483 1.93177e-13 8358086
1.068792 1.92932e-13 8375714
1.070101 1.93063e-13 8395410
1.071411 1.93735e-13 8432304
1.072720 1.93158e-13 8431600
1.074029 1.9349e-13 8450002
1.075338 1.93933e-13 8493314
1.076647 1.93679e-13 8495662
1.077956 1.93938e-13 8528130
1.079265 1.93864e-13 8537762
1.080574 1.93954e-13 8565570
1.081883 1.94144e-13 8581582
1.083192 1.94188e-13 8598906
1.084501 1.94635e-13 8629554
1.085810 1.9417e-13 8645102
1.087119 1.947e-13 8670978
1.088428 1.94789e-13 8682746
1.089737 1.94915e-13 8708218
1.091046 1.9518e-13 8737270
1.092355 1.95134e-13 8754986
1.093664 1.95108e-13 8761314
1.094973 1.95202e-13 8797550
1.096282 1.95399e-13 8807298
1.097591 1.95575e-13 8835930
1.098900 1.95586e-13 8855774
1.100209 1.95973e-13 8881346
1.101518 1.96051e-13 8903898
1.102827 1.95975e-13 8912522
1.104136 1.96265e-13 8951486
1.105446 1.9633e-13 8955986
1.106755 1.96242e-13 8986746
1.108064 1.96207e-13 8999558
1.109373 1.96683e-13 9030042
1.110682 1.96546e-13 9049298
1.111991 1.96644e-13 9065514
1.113300 1.96881e-13 9096212
1.114609 1.96782e-13 9103788
1.115918 1.97111e-13 9136418
1.117227 1.97197e-13 9161356
1.118536 1.96903e-13 9162484
1.119845 1.97579e-13 9204026
1.121154 1.97412e-13 9214140
1.122463 1.97464e-13 9243476
1.123772 1.97548e-13 9255026
1.125081 1.97841e-13 9285210
1.126390 1.97885e-13 9304670
1.127699 1.98016e-13 9321738
1.129008 1.98212e-13 9352058
1.130317 1.98335e-13 9371454
1.131626 1.98387e-13 9386690
1.132935 1.98587e-13 9425098
1.134244 1.98366e-13 9424162
1.135553 1.98785e-13 9464134
1.136862 1.98678e-13 9478808
1.138171 1.9906e-13 9497500
1.139480 1.98756e-13 9521862
1.140790 1.99373e-13 9549690
1.142099 1.99314e-13 9565786
1.143408 1.99512e-13 9594450
1.144717 1.99359e-13 9600158
1.146026 1.99646e-13 9631002
1.147335 1.99698e-13 9649826
1.148644 1.99758e-13 9681694
1.149953 2.00064e-13 9695762
1.151262 2.00087e-13 9722170
1.152571 2.00037e-13 9730860
1.153880 2.00626e-13 9771020
1.155189 2.0051e-13 9792090
1.156498 2.00503e-13 9805816
1.157807 2.00822e-13 9835816
1.159116 2.0095e-13 9851594
1.160425 2.00908e-13 9878904
1.161734 2.01011e-13 9890456
1.163043 2.01392e-13 9922962
1.164352 2.01451e-13 9953912
1.165661 2.01342e-13 9960604
1.166970 2.01717e-13 9991590
1.168279 2.0155e-13 10004944
1.169588 2.02004e-13 10029292
1.170897 2.01785e-13 10048190
1.172206 2.02442e-13 10084560
1.173515 2.0205e-13 10097988
1.174824 2.02111e-13 10111702
1.176134 2.02647e-13 10151442
1.177443 2.027e-13 10169418
1.178752 2.02816e-13 10190618
1.180061 2.02848e-13 10218438
1.181370 2.02702e-13 10216082
1.182679 2.03531e-13 10284974
1.183988 2.02826e-13 10265058
1.185297 2.03472e-13 10308506
1.186606 2.03244e-13 10325986
1.187915 2.03596e-13 10350970
1.189224 2.03727e-13 10373814
1.190533 2.03871e-13 10391044
1.191842 2.03934e-13 10408912
1.193151 2.04287e-13 10449198
1.194460 2.04141e-13 10455642
1.195769 2.04877e-13 10501354
1.197078 2.04395e-13 10494138
1.198387 2.05066e-13 10546998
1.199696 2.04555e-13 10544746
1.201005 2.04868e-13 10577618
1.202314 2.04969e-13 10599302
1.203623 2.05241e-13 10625946
1.204932 2.05481e-13 10653970
1.206241 2.05411e-13 10661518
1.207550 2.05762e-13 10703754
1.208859 2.05723e-13 10714706
1.210168 2.0597e-13 10736742
1.211478 2.05943e-13 10771346
1.212787 2.06e-13 10779578
1.214096 2.06135e-13 10807674
1.215405 2.06334e-13 10835870
1.216714 2.06909e-13 10867386
1.218023 2.06753e-13 10881594
1.219332 2.06631e-13 10891810
1.220641 2.07021e-13 10929966
1.221950 2.072e-13 10961208
1.223259 2.07059e-13 10962932
1.224568 2.07462e-13 11003390
1.225877 2.07346e-13 11015960
1.227186 2.07608e-13 11047620
1.228495 2.07599e-13 11062502
1.229804 2.08049e-13 11097312
1.231113 2.07836e-13 11109644
1.232422 2.08232e-13 11147306
1.233731 2.08178e-13 11150030
1.235040 2.08713e-13 11197074
1.236349 2.0862e-13 11213154
1.237658 2.09067e-13 11245932
1.238967 2.08583e-13 11243132
1.240276 2.09115e-13 11279834
1.241585 2.09085e-13 11302688
1.242894 2.09385e-13 11328264
1.244203 2.09509e-13 11355962
1.245512 2.09758e-13 11381704
1.246822 2.09531e-13 11390464
1.248131 2.10204e-13 11439506
1.249440 2.09845e-13 11442418
1.250749 2.10361e-13 11469350
1.252058 2.10345e-13 11494970
1.253367 2.10711e-13 11525762
1.254676 2.10525e-13 11536938
1.255985 2.10701e-13 11569686
1.257294 2.10831e-13 11585458
1.258603 2.11389e-13 11634042
1.259912 2.10893e-13 11628582
1.261221 2.11426e-13 11677752
1.262530 2.115e-13 11684092
1.263839 2.1167e-13 11724898
1.265148 2.11711e-13 11735062
1.266457 2.11852e-13 11751834
1.267766 2.12334e-13 11797394
1.269075 2.11969e-13 11804070
1.270384 2.12398e-13 11844674
1.271693 2.1247e-13 11862338
1.273002 2.12593e-13 11887050
1.274311 2.12547e-13 11904110
1.275620 2.13015e-13 11927874
1.276929 2.13113e-13 11959274
1.278238 2.1326e-13 11986334
1.279547 2.13483e-13 12004504
1.280856 2.13609e-13 12029548
1.282166 2.14086e-13 12067070
1.283475 2.14046e-13 12083624
1.284784 2.13773e-13 12090700
1.286093 2.14139e-13 12130562
1.287402 2.14327e-13 12164318
1.288711 2.14227e-13 12167034
1.290020 2.14755e-13 12216002
1.291329 2.14699e-13 12224030
1.292638 2.15017e-13 12262530
1.293947 2.14975e-13 12272610
1.295256 2.15296e-13 12305882
1.296565 2.15046e-13 12309590
1.297874 2.15758e-13 12365946
1.299183 2.15797e-13 12383882
1.300492 2.16141e-13 12409854
1.301801 2.15911e-13 12416586
1.303110 2.16506e-13 12468896
1.304419 2.16141e-13 12467576
1.305728 2.16508e-13 12498962
1.307037 2.16805e-13 12532458
1.308346 2.16829e-13 12559706
1.309655 2.16751e-13 12574874
1.310964 2.17206e-13 12610662
1.312273 2.17302e-13 12628802
1.313582 2.17372e-13 12643494
1.314891 2.17814e-13 12696760
1.316200 2.17576e-13 12695092
1.317510 2.17753e-13 12721754
1.318819 2.17985e-13 12752742
1.320128 2.18216e-13 12781418
1.321437 2.18285e-13 12805850
1.322746 2.18322e-13 12832670
1.324055 2.1888e-13 12868242
1.325364 2.18719e-13 12882042
1.326673 2.19054e-13 12905206
1.327982 2.19031e-13 12930570
1.329291 2.19737e-13 12965586
1.330600 2.1935e-13 12981460
1.331909 2.19446e-13 13005292
1.333218 2.19936e-13 13042106
1.334527 2.20084e-13 13065422
1.335836 2.1988e-13 13070754
1.337145 2.20322e-13 13118390
1.338454 2.20432e-13 13137966
1.339763 2.20675e-13 13169474
1.341072 2.20532e-13 13178910
1.342381 2.21366e-13 13226906
1.343690 2.21009e-13 13240410
1.344999 2.21532e-13 13272438
1.346308 2.21308e-13 13283842
1.347617 2.2156e-13 13320018
1.348926 2.21756e-13 13342146
1.350235 2.22073e-13 13371638
1.351544 2.21918e-13 13392146
1.352854 2.22591e-13 13431498
1.354163 2.22257e-13 13445990
1.355472 2.2284e-13 13483898
1.356781 2.2251e-13 13484466
1.358090 2.22942e-13 13529270
1.359399 2.22788e-13 13542922
1.360708 2.23654e-13 13588666
1.362017 2.23174e-13 13594586
1.363326 2.23684e-13 13633446
1.364635 2.24129e-13 13677974
1.365944 2.23824e-13 13676598
1.367253 2.24347e-13 13711622
1.368562 2.2412e-13 13730442
1.369871 2.24477e-13 13759730
1.371180 2.24694e-13 13789010
1.372489 2.2469e-13 13810230
1.373798 2.25122e-13 13852706
1.375107 2.24958e-13 13866378
1.376416 2.25317e-13 13892558
1.377725 2.25368e-13 13909026
1.379034 2.25825e-13 13962434
1.380343 2.25715e-13 13958558
1.381652 2.2619e-13 14005386
1.382961 2.26031e-13 14020850
1.384270 2.26512e-13 14062890
1.385579 2.26686e-13 14067134
1.386889 2.26806e-13 14108610
1.388198 2.26851e-13 14133338
1.389507 2.2727e-13 14169686
1.390816 2.2698e-13 14183714
1.392125 2.27498e-13 14212338
1.393434 2.27774e-13 14243058
1.394743 2.27639e-13 14267630
1.396052 2.27927e-13 14287898
1.397361 2.2833e-13 14327322
1.398670 2.2861e-13 14348462
1.399979 2.28374e-13 14368362
1.401288 2.287e-13 14393066
1.402597 2.29114e-13 14435754
1.403906 2.29106e-13 14459078
1.405215 2.29424e-13 14488058
1.406524 2.29294e-13 14493402
1.407833 2.29747e-13 14535134
1.409142 2.29649e-13 14563314
1.410451 2.30162e-13 14601034
1.411760 2.29762e-13 14596102
1.413069 2.30288e-13 14642138
1.414378 2.30714e-13 14678618
1.415687 2.30647e-13 14702130
1.416996 2.30807e-13 14730350
1.418305 2.31136e-13 14740746
1.419614 2.31224e-13 14787410
1.420923 2.31601e-13 14811686
1.422233 2.31676e-13 14832954
1.423542 2.3199e-13 14862602
1.424851 2.31633e-13 14869266
1.426160 2.32515e-13 14928158
1.427469 2.32735e-13 14954250
1.428778 2.32433e-13 14964530
1.430087 2.32701e-13 14994326
1.431396 2.33051e-13 15035802
1.432705 2.32996e-13 15052082
1.434014 2.33169e-13 15067726
1.435323 2.33522e-13 15108202
1.436632 2.33798e-13 15148458
1.437941 2.33967e-13 15161834
1.439250 2.34031e-13 15191822
1.440559 2.34277e-13 15211698
1.441868 2.34601e-13 15250730
1.443177 2.34708e-13 15270174
1.444486 2.34921e-13 15302666
1.445795 2.35235e-13 15330714
1.447104 2.35693e-13 15373610
1.448413 2.35374e-13 15372998
1.449722 2.35856e-13 15422106
1.451031 2.35886e-13 15441434
1.452340 2.36136e-13 15471438
1.453649 2.35998e-13 15479650
1.454958 2.36564e-13 15537282
1.456267 2.36701e-13 15542274
1.457577 2.37145e-13 15591446
1.458886 2.36907e-13 15597234
1.460195 2.37631e-13 15656906
1.461504 2.37412e-13 15657878
1.462813 2.37547e-13 15670314
1.464122 2.38025e-13 15726482
1.465431 2.38257e-13 15762222
1.466740 2.37757e-13 15759578
1.468049 2.38667e-13 15818010
1.469358 2.38807e-13 15827426
1.470667 2.39054e-13 15874206
1.471976 2.38993e-13 15893882
1.473285 2.39349e-13 15923138
1.474594 2.39381e-13 15935238
1.475903 2.39599e-13 15981386
1.477212 2.39842e-13 15995466
1.478521 2.4044e-13 16040354
1.479830 2.40307e-13 16054686
1.481139 2.4072e-13 16098194
1.482448 2.40802e-13 16117466
1.483757 2.40855e-13 16136790
1.485066 2.41281e-13 16168058
1.486375 2.41399e-13 16215762
1.487684 2.4141e-13 16215374
1.488993 2.41803e-13 16263362
1.490302 2.42039e-13 16286730
1.491611 2.42328e-13 16320866
1.492921 2.42577e-13 16350414
1.494230 2.42451e-13 16360970
1.495539 2.42949e-13 16409922
1.496848 2.42996e-13 16427606
1.498157 2.43464e-13 16468058
1.499466 2.4347e-13 16487370
1.500775 2.43828e-13 16513490
1.502084 2.44059e-13 16549110
1.503393 2.43935e-13 16577714
1.504702 2.44359e-13 16606770
1.506011 2.44234e-13 16621142
1.507320 2.44955e-13 16669082
1.508629 2.45172e-13 16683882
1.509938 2.45411e-13 16728074
1.511247 2.45706e-13 16761582
1.512556 2.45804e-13 16774754
1.513865 2.45761e-13 16797450
1.515174 2.46315e-13 16854070
1.516483 2.46054e-13 16842666
1.517792 2.46808e-13 16909386
1.519101 2.46805e-13 16912622
1.520410 2.47078e-13 16958106
1.521719 2.47419e-13 16990946
1.523028 2.47371e-13 17008058
1.524337 2.4749e-13 17029590
1.525646 2.48113e-13 17083610
1.526955 2.48085e-13 17100306
1.528265 2.48154e-13 17127974
1.529574 2.48266e-13 17136162
1.530883 2.49162e-13 17213954
1.532192 2.48563e-13 17200730
1.533501 2.49106e-13 17252046
1.534810 2.49546e-13 17274378
1.536119 2.4957e-13 17315330
1.537428 2.50042e-13 17327294
1.538737 2.49894e-13 17360250
1.540046 2.50155e-13 17392514
1.541355 2.50659e-13 17420102
1.542664 2.51073e-13 17461362
1.543973 2.51032e-13 17488130
1.545282 2.50876e-13 17502306
1.546591 2.5122e-13 17536382
1.547900 2.51772e-13 17580242
1.549209 2.52136e-13 17609874
1.550518 2.52119e-13 17618494
1.551827 2.52345e-13 17655106
1.553136 2.52793e-13 17702114
1.554445 2.52778e-13 17712186
1.555754 2.53135e-13 17756582
1.557063 2.53144e-13 17776514
1.558372 2.53261e-13 17804930
1.559681 2.53998e-13 17851086
1.560990 2.53914e-13 17866722
1.562299 2.54324e-13 17906226
1.563609 2.54322e-13 17918894
1.564918 2.54689e-13 17977826
1.566227 2.54963e-13 17979314
1.567536 2.55334e-13 18018186
1.568845 2.55405e-13 18042782
1.570154 2.55691e-13 18078810
1.571463 2.54692e-13 18096791
1.572772 2.52059e-13 18060624
1.574081 2.49831e-13 18059660
1.575390 2.47944e-13 18055664
1.576699 2.45491e-13 18033808
1.578008 2.43246e-13 18017824
1.579317 2.40823e-13 17968596
1.580626 2.3937e-13 17999012
1.581935 2.36981e-13 17963252
1.583244 2.34918e-13 17954952
1.584553 2.32692e-13 17933416
1.585862 2.3077e-13 17905456
1.587171 2.28559e-13 17912096
1.588480 2.2674e-13 17895820
1.589789 2.24441e-13 17862460
1.591098 2.22686e-13 17863988
1.592407 2.20457e-13 17813928
1.593716 2.18952e-13 17853104
1.595025 2.16514e-13 17789664
1.596334 2.14998e-13 17797952
1.597643 2.13319e-13 17778684
1.598953 2.11274e-13 17756960
1.600262 2.09521e-13 17741628
1.601571 2.07601e-13 17723624
1.602880 2.059e-13 17714528
1.604189 2.04062e-13 17704776
1.605498 2.02308e-13 17675612
1.606807 2.0044e-13 17645916
1.608116 1.99014e-13 17660444
1.609425 1.97042e-13 17623820
1.610734 1.9527e-13 17605752
1.612043 1.93806e-13 17606344
1.613352 1.9183e-13 17570224
1.614661 1.90724e-13 17579816
1.615970 1.88653e-13 17538304
1.617279 1.8707e-13 17522800
1.618588 1.85541e-13 17518040
1.619897 1.8396e-13 17492336
1.621206 1.82558e-13 17473080
1.622515 1.80862e-13 17472504
1.623824 1.79191e-13 17425664
1.625133 1.77958e-13 17435624
1.626442 1.76348e-13 17404908
1.627751 1.74941e-13 17403984
1.629060 1.73145e-13 17362736
1.630369 1.71941e-13 17364896
1.631678 1.70502e-13 17336856
1.632987 1.68941e-13 17318468
1.634297 1.67584e-13 17303300
1.635606 1.66198e-13 17294592
1.636915 1.64781e-13 17264648
1.638224 1.63473e-13 17263908
1.639533 1.6194e-13 17219616
1.640842 1.60625e-13 17221964
1.642151 1.59211e-13 17195072
1.643460 1.58115e-13 17204468
1.644769 1.56331e-13 17137968
1.646078 1.5527e-13 17142752
1.647387 1.54173e-13 17145204
1.648696 1.52628e-13 17098856
1.650005 1.5137e-13 17095352
1.651314 1.49784e-13 17061868
1.652623 1.49068e-13 17062072
1.653932 1.47763e-13 17055296
1.655241 1.46294e-13 17000116
1.656550 1.45093e-13 17005088
1.657859 1.44053e-13 16982684
1.659168 1.42845e-13 16967584
1.660477 1.41566e-13 16948792
1.661786 1.40247e-13 16916396
1.663095 1.39152e-13 16907844
1.664404 1.38091e-13 16884272
1.665713 1.36901e-13 16880208
1.667022 1.35796e-13 16856324
1.668332 1.34387e-13 16813208
1.669641 1.33608e-13 16827296
1.670950 1.32389e-13 16780404
1.672259 1.31358e-13 16794000
1.673568 1.29985e-13 16733456
1.674877 1.29148e-13 16740920
1.676186 1.28249e-13 16737660
1.677495 1.2679e-13 16684868
1.678804 1.2599e-13 16688076
1.680113 1.24899e-13 16663376
1.681422 1.23739e-13 16630784
1.682731 1.2289e-13 16637568
1.684040 1.21713e-13 16604384
1.685349 1.20589e-13 16578096
1.686658 1.19591e-13 16552400
1.687967 1.18752e-13 16556736
1.689276 1.17671e-13 16525772
1.690585 1.16614e-13 16493412
1.691894 1.15775e-13 16492952
1.693203 1.14894e-13 16474108
1.694512 1.13736e-13 16431748
1.695821 1.12902e-13 16428320
1.697130 1.1195e-13 16398960
1.698439 1.11085e-13 16397060
1.699748 1.10102e-13 16366320
1.701057 1.09032e-13 16342780
1.702366 1.08192e-13 16321644
1.703676 1.07466e-13 16320936
1.704985 1.06422e-13 16282052
1.706294 1.05596e-13 16266660
1.707603 1.04583e-13 16247576
1.708912 1.03865e-13 16230720
1.710221 1.02882e-13 16204988
1.711530 1.01968e-13 16170884
1.712839 1.01275e-13 16174632
1.714148 1.00335e-13 16142936
1.715457 9.93852e-14 16110492
1.716766 9.87857e-14 16115468
1.718075 9.75826e-14 16055096
1.719384 9.70992e-14 16079736
1.720693 9.62986e-14 16044424
1.722002 9.5303e-14 16013056
1.723311 9.43979e-14 15995696
1.724620 9.36872e-14 15965076
1.725929 9.309e-14 15967508
1.727238 9.2145e-14 15931688
1.728547 9.13909e-14 15911532
1.729856 9.05817e-14 15893612
1.731165 8.98862e-14 15865116
1.732474 8.91865e-14 15865772
1.733783 8.8252e-14 15816384
1.735092 8.7617e-14 15821100
1.736401 8.67677e-14 15770748
1.737710 8.62185e-14 15781012
1.739020 8.53027e-14 15733736
1.740329 8.45757e-14 15722908
1.741638 8.38958e-14 15692332
1.742947 8.32487e-14 15679344
1.744256 8.25026e-14 15662084
1.745565 8.17227e-14 15640484
1.746874 8.10565e-14 15602268
1.748183 8.04435e-14 15601368
1.749492 7.96542e-14 15561008
1.750801 7.90066e-14 15552524
1.752110 7.82145e-14 15513060
1.753419 7.77027e-14 15510272
1.754728 7.68993e-14 15483868
1.756037 7.62086e-14 15448940
1.757346 7.55823e-14 15432088
1.758655 7.50453e-14 15421296
1.759964 7.44053e-14 15394664
1.761273 7.36144e-14 15367004
1.762582 7.30821e-14 15338808
1.763891 7.24777e-14 15336368
1.765200 7.17738e-14 15300924
1.766509 7.11879e-14 15279148
1.767818 7.04864e-14 15251808
1.769127 7.00495e-14 15245148
1.770436 6.92882e-14 15208748
1.771745 6.87565e-14 15192408
1.773054 6.80782e-14 15153176
1.774364 6.76092e-14 15151584
1.775673 6.69003e-14 15114836
1.776982 6.63341e-14 15104960
1.778291 6.57127e-14 15069816
1.779600 6.518e-14 15047144
1.780909 6.46132e-14 15031512
1.782218 6.40724e-14 15000800
1.783527 6.34786e-14 14983752
1.784836 6.29373e-14 14955968
1.786145 6.23375e-14 14942108
1.787454 6.17835e-14 14905284
1.788763 6.13062e-14 14890016
1.790072 6.06861e-14 14867244
1.791381 6.01096e-14 14834504
1.792690 5.96399e-14 14819928
1.793999 5.91259e-14 14793164
1.795308 5.86474e-14 14777060
1.796617 5.804e-14 14739468
1.797926 5.75093e-14 14724724
1.799235 5.69785e-14 14695744
1.800544 5.66059e-14 14685272
1.801853 5.59337e-14 14643536
1.803162 5.55087e-14 14632308
1.804471 5.49746e-14 14600624
1.805780 5.4463e-14 14577804
1.807089 5.39918e-14 14540636
1.808398 5.35133e-14 14542800
1.809708 5.30636e-14 14506656
1.811017 5.25821e-14 14487088
1.812326 5.20535e-14 14454072
1.813635 5.16236e-14 14430364
1.814944 5.1167e-14 14421292
1.816253 5.06485e-14 14379020
1.817562 5.01705e-14 14354784
1.818871 4.97568e-14 14343632
1.820180 4.92987e-14 14309624
1.821489 4.87982e-14 14283968
1.822798 4.83283e-14 14247744
1.824107 4.79689e-14 14251560
1.825416 4.74868e-14 14208572
1.826725 4.7057e-14 14192256
1.828034 4.65737e-14 14152412
1.829343 4.61909e-14 14139628
1.830652 4.57444e-14 14111656
1.831961 4.53688e-14 14091140
1.833270 4.48822e-14 14060796
1.834579 4.44487e-14 14029580
1.835888 4.40832e-14 14014220
1.837197 4.36499e-14 13985060
1.838506 4.32465e-14 13957248
1.839815 4.28177e-14 13940028
1.841124 4.24387e-14 13903748
1.842433 4.20868e-14 13896768
1.843742 4.16409e-14 13851692
1.845052 4.12536e-14 13840696
1.846361 4.08453e-14 13805212
1.847670 4.04475e-14 13777748
1.848979 4.00865e-14 13764960
1.850288 3.97027e-14 13727072
1.851597 3.92744e-14 13692860
1.852906 3.89773e-14 13695168
1.854215 3.85201e-14 13647260
1.855524 3.82195e-14 13628172
1.856833 3.78219e-14 13604880
1.858142 3.75139e-14 13575704
1.859451 3.7117e-14 13541840
1.860760 3.67563e-14 13518372
1.862069 3.63551e-14 13498496
1.863378 3.60379e-14 13470320
1.864687 3.56923e-14 13446576
1.865996 3.53139e-14 13417664
1.867305 3.49932e-14 13389996
1.868614 3.46299e-14 13362980
1.869923 3.43121e-14 13333364
1.871232 3.39964e-14 13319832
1.872541 3.36149e-14 13276520
1.873850 3.33083e-14 13259496
1.875159 3.29464e-14 13225184
1.876468 3.26856e-14 13217904
1.877777 3.22606e-14 13166948
1.879086 3.19964e-14 13152536
1.880396 3.16614e-14 13118964
1.881705 3.13708e-14 13096388
1.883014 3.10199e-14 13071984
1.884323 3.0708e-14 13043132
1.885632 3.04578e-14 13012440
1.886941 3.01399e-14 12997784
1.888250 2.98028e-14 12949688
1.889559 2.9564e-14 12936192
1.890868 2.92303e-14 12915980
1.892177 2.88786e-14 12867840
1.893486 2.8657e-14 12863840
1.894795 2.83042e-14 12813112
1.896104 2.80489e-14 12798712
1.897413 2.77698e-14 12779084
1.898722 2.74599e-14 12729432
1.900031 2.71902e-14 12721328
1.901340 2.68767e-14 12675360
1.902649 2.66362e-14 12657368
1.903958 2.63292e-14 12631112
1.905267 2.6104e-14 12602844
1.906576 2.57596e-14 12572304
1.907885 2.55664e-14 12551732
1.909194 2.52453e-14 12514436
1.910503 2.50072e-14 12490548
1.911812 2.47313e-14 12462080
1.913121 2.44632e-14 12434084
1.914430 2.42114e-14 12398652
1.915740 2.39638e-14 12386936
1.917049 2.37198e-14 12350184
1.918358 2.34284e-14 12317480
1.919667 2.31749e-14 12285780
1.920976 2.29672e-14 12269984
1.922285 2.27285e-14 12241760
1.923594 2.24676e-14 12198048
1.924903 2.22039e-14 12172052
1.926212 2.20063e-14 12162268
1.927521 2.17167e-14 12113116
1.928830 2.15055e-14 12091268
1.930139 2.12804e-14 12055068
1.931448 2.10696e-14 12042776
1.932757 2.0815e-14 12000168
1.934066 2.05908e-14 11973744
1.935375 2.03847e-14 11950964
1.936684 2.01259e-14 11913752
1.937993 1.99327e-14 11892276
1.939302 1.96877e-14 11860340
1.940611 1.94677e-14 11826668
1.941920 1.92713e-14 11804568
1.943229 1.90381e-14 11765444
1.944538 1.88187e-14 11744908
1.945847 1.85968e-14 11707408
1.947156 1.84301e-14 11695496
1.948465 1.82044e-14 11645180
1.949775 1.80069e-14 11626680
1.951084 1.77916e-14 11592492
1.952393 1.76008e-14 11560328
1.953702 1.73774e-14 11534376
1.955011 1.7196e-14 11511596
1.956320 1.69755e-14 11464376
1.957629 1.68168e-14 11452788
1.958938 1.66244e-14 11410388
1.960247 1.64145e-14 11387068
1.961556 1.62369e-14 11356876
1.962865 1.60319e-14 11324660
1.964174 1.58517e-14 11293224
1.965483 1.5671e-14 11262896
1.966792 1.54937e-14 11238480
1.968101 1.52917e-14 11199620
1.969410 1.51339e-14 11178408
1.970719 1.49404e-14 11139416
1.972028 1.47825e-14 11117144
1.973337 1.45829e-14 11071560
1.974646 1.44222e-14 11058860
1.975955 1.42505e-14 11023296
1.977264 1.40668e-14 10978424
1.978573 1.39173e-14 10969260
1.979882 1.37478e-14 10931020
1.981191 1.35725e-14 10894056
1.982500 1.34215e-14 10869228
1.983809 1.32508e-14 10833440
1.985119 1.30989e-14 10809720
1.986428 1.29327e-14 10772156
1.987737 1.27744e-14 10738968
1.989046 1.26329e-14 10727264
1.990355 1.24503e-14 10664792
1.991664 1.23178e-14 10658832
1.992973 1.21499e-14 10611500
1.994282 1.19938e-14 10590768
1.995591 1.18659e-14 10556456
1.996900 1.17104e-14 10525820
1.998209 1.15606e-14 10492476
1.999518 1.14195e-14 10459724
2.000827 1.1262e-14 10430820
2.002136 1.11406e-14 10399804
2.003445 1.09893e-14 10361764
2.004754 1.08532e-14 10343816
2.006063 1.07041e-14 10286768
2.007371 1.05787e-14 10285128
2.008680 1.04271e-14 10226432
2.009989 1.03144e-14 10220028
2.011298 1.01668e-14 10169264
2.012607 1.00378e-14 10135884
2.013916 9.91388e-15 10118976
2.015225 9.78476e-15 10080844
2.016534 9.65157e-15 10048188
2.017843 9.52227e-15 10016784
2.019152 9.39581e-15 9977012
2.020461 9.27655e-15 9955340
2.021770 9.15472e-15 9914612
2.023078 9.03735e-15 9891228
2.024387 8.90628e-15 9851348
2.025696 8.78556e-15 9820140
2.027005 8.6763e-15 9786104
2.028314 8.5542e-15 9747912
2.029623 8.45853e-15 9733552
2.030932 8.32913e-15 9685584
2.032241 8.21165e-15 9654264
2.033550 8.11168e-15 9634220
2.034859 7.98148e-15 9578028
2.036168 7.88982e-15 9569000
2.037477 7.77302e-15 9516188
2.038785 7.67842e-15 9503076
2.040094 7.56476e-15 9452336
2.041403 7.45277e-15 9418044
2.042712 7.35787e-15 9400124
2.044021 7.26508e-15 9359064
2.045330 7.14752e-15 9326264
2.046639 7.04601e-15 9295452
2.047948 6.9441e-15 9256604
2.049257 6.85916e-15 9235348
2.050566 6.74962e-15 9179776
2.051875 6.66263e-15 9168836
2.053184 6.57063e-15 9129020
2.054492 6.46902e-15 9088488
2.055801 6.37753e-15 9057416
2.057110 6.29448e-15 9031380
2.058419 6.18814e-15 8989640
2.059728 6.117e-15 8957496
2.061037 6.01762e-15 8928364
2.062346 5.9192e-15 8880448
2.063655 5.84861e-15 8856296
2.064964 5.76149e-15 8822520
2.066273 5.67818e-15 8780672
2.067582 5.59758e-15 8763068
2.068891 5.50801e-15 8718276
2.070199 5.42699e-15 8681836
2.071508 5.34465e-15 8647372
2.072817 5.26897e-15 8619128
2.074126 5.18487e-15 8582672
2.075435 5.10628e-15 8538600
2.076744 5.03502e-15 8522220
2.078053 4.96337e-15 8480612
2.079362 4.8781e-15 8440028
2.080671 4.8043e-15 8409592
2.081980 4.73487e-15 8367988
2.083289 4.663e-15 8350676
2.084598 4.59569e-15 8301028
2.085907 4.52172e-15 8270536
2.087215 4.4518e-15 8240280
2.088524 4.37403e-15 8191388
2.089833 4.31208e-15 8169572
2.091142 4.24319e-15 8124564
2.092451 4.17578e-15 8098652
2.093760 4.1099e-15 8063424
2.095069 4.04169e-15 8015060
2.096378 3.98047e-15 7996092
2.097687 3.91795e-15 7951076
2.098996 3.85225e-15 7923944
2.100305 3.79916e-15 7882912
2.101614 3.73486e-15 7852816
2.102922 3.66933e-15 7809732
2.104231 3.61767e-15 7768896
2.105540 3.55394e-15 7746176
2.106849 3.50517e-15 7709096
2.108158 3.44482e-15 7673676
2.109467 3.39017e-15 7629536
2.110776 3.32988e-15 7597100
2.112085 3.27909e-15 7573608
2.113394 3.21748e-15 7509384
2.114703 3.17233e-15 7502480
2.116012 3.12181e-15 7454404
2.117321 3.06432e-15 7412640
2.118629 3.01719e-15 7390368
2.119938 2.96015e-15 7340024
2.121247 2.91419e-15 7317852
2.122556 2.86435e-15 7267388
2.123865 2.81829e-15 7245684
2.125174 2.76941e-15 7200160
2.126483 2.72062e-15 7155324
2.127792 2.67989e-15 7142732
2.129101 2.63004e-15 7081452
2.130410 2.58885e-15 7065072
2.131719 2.54067e-15 7016568
2.133028 2.5007e-15 6982732
2.134336 2.45366e-15 6941004
2.135645 2.41478e-15 6907540
2.136954 2.36978e-15 6876340
2.138263 2.33208e-15 6835616
2.139572 2.28922e-15 6796908
2.140881 2.2507e-15 6768104
2.142190 2.21406e-15 6718880
2.143499 2.17375e-15 6694548
2.144808 2.13141e-15 6642644
2.146117 2.09711e-15 6617892
2.147426 2.06311e-15 6575280
2.148735 2.02401e-15 6536052
2.150043 1.99007e-15 6509596
2.151352 1.95432e-15 6455804
2.152661 1.91872e-15 6435648
2.153970 1.8874e-15 6383024
2.155279 1.85028e-15 6352776
2.156588 1.81891e-15 6317492
2.157897 1.78391e-15 6269624
2.159206 1.75607e-15 6247680
2.160515 1.72174e-15 6198300
2.161824 1.69362e-15 6167888
2.163133 1.66037e-15 6118856
2.164442 1.63348e-15 6087568
2.165751 1.60188e-15 6054868
2.167059 1.57375e-15 6008588
2.168368 1.54417e-15 5973660
2.169677 1.51735e-15 5939444
2.170986 1.49036e-15 5899044
2.172295 1.46211e-15 5858296
2.173604 1.43533e-15 5813392
2.174913 1.40838e-15 5793548
2.176222 1.38429e-15 5741636
2.177531 1.35929e-15 5709036
2.178840 1.33449e-15 5673128
2.180149 1.30876e-15 5622460
2.181458 1.28495e-15 5596492
2.182766 1.26083e-15 5544596
2.184075 1.23911e-15 5519668
2.185384 1.21686e-15 5476852
2.186693 1.19519e-15 5435796
2.188002 1.17419e-15 5400680
2.189311 1.15058e-15 5352120
2.190620 1.12999e-15 5329904
2.191929 1.10784e-15 5272556
2.193238 1.08994e-15 5247720
2.194547 1.06963e-15 5204864
2.195856 1.05013e-15 5161788
2.197165 1.02836e-15 5127224
2.198473 1.01127e-15 5079840
2.199782 9.94839e-16 5059072
2.201091 9.74047e-16 5001252
2.202400 9.57238e-16 4966608
2.203709 9.40185e-16 4935320
2.205018 9.22158e-16 4884636
2.206327 9.04834e-16 4855976
2.207636 8.88784e-16 4804392
2.208945 8.71204e-16 4775912
2.210254 8.56149e-16 4728644
2.211563 8.4026e-16 4690184
2.212872 8.25528e-16 4654368
2.214180 8.09143e-16 4614324
2.215489 7.93257e-16 4572776
2.216798 7.80441e-16 4531736
2.218107 7.66233e-16 4493040
2.219416 7.52526e-16 4456332
2.220725 7.3498e-16 4408064
2.222034 7.23755e-16 4375583
2.223343 7.09895e-16 4337442
2.224652 6.96904e-16 4300424
2.225961 6.84109e-16 4265708
2.227270 6.70504e-16 4223752
2.228579 6.59039e-16 4199506
2.229887 6.45356e-16 4164054
2.231196 6.35824e-16 4127894
2.232505 6.22158e-16 4094232
2.233814 6.10548e-16 4066154
2.235123 5.99895e-16 4034648
2.236432 5.87634e-16 3996444
2.237741 5.77881e-16 3974996
2.239050 5.65876e-16 3937164
2.240359 5.56264e-16 3909212
2.241668 5.44935e-16 3877076
2.242977 5.35371e-16 3853446
2.244286 5.24537e-16 3818846
2.245595 5.15333e-16 3792510
2.246903 5.04281e-16 3759544
2.248212 4.96191e-16 3736390
2.249521 4.86338e-16 3702152
2.250830 4.77471e-16 3679676
2.252139 4.67881e-16 3647322
2.253448 4.59792e-16 3625880
2.254757 4.50223e-16 3597162
2.256066 4.41598e-16 3563288
2.257375 4.33243e-16 3540840
2.258684 4.25758e-16 3518738
2.259993 4.1673e-16 3485816
2.261302 4.08796e-16 3457866
2.262610 4.00481e-16 3438530
2.263919 3.93925e-16 3413856
2.265228 3.85367e-16 3381098
2.266537 3.7791e-16 3358242
2.267846 3.70158e-16 3332930
2.269155 3.63984e-16 3311186
2.270464 3.56468e-16 3282132
2.271773 3.49635e-16 3262634
2.273082 3.42087e-16 3234474
2.274391 3.35544e-16 3209430
2.275700 3.29161e-16 3184132
2.277009 3.23705e-16 3166482
2.278317 3.16417e-16 3137160
2.279626 3.09934e-16 3114566
2.280935 3.03953e-16 3090620
2.282244 2.97276e-16 3068876
2.283553 2.9179e-16 3046626
2.284862 2.85957e-16 3022916
2.286171 2.80239e-16 2997156
2.287480 2.74784e-16 2981396
2.288789 2.69143e-16 2954058
2.290098 2.63516e-16 2929052
2.291407 2.57933e-16 2908884
2.292716 2.53422e-16 2891588
2.294024 2.4798e-16 2864332
2.295333 2.42761e-16 2841412
2.296642 2.38432e-16 2826668
2.297951 2.33115e-16 2801140
2.299260 2.28727e-16 2777836
2.300569 2.23427e-16 2755734
2.301878 2.19622e-16 2740524
2.303187 2.14702e-16 2716828
2.304496 2.10132e-16 2692668
2.305805 2.05926e-16 2675534
2.307114 2.022e-16 2658180
2.308423 1.97249e-16 2631740
2.309731 1.93311e-16 2612956
2.311040 1.89197e-16 2594758
2.312349 1.85734e-16 2575100
2.313658 1.81533e-16 2551870
2.314967 1.77532e-16 2531604
2.316276 1.73701e-16 2515870
2.317585 1.70064e-16 2496744
2.318894 1.66513e-16 2472406
2.320203 1.63074e-16 2453916
2.321512 1.59788e-16 2442118
2.322821 1.56023e-16 2416252
2.324130 1.52447e-16 2395718
2.325438 1.49315e-16 2379808
2.326747 1.4625e-16 2364106
2.328056 1.42811e-16 2340830
2.329365 1.39674e-16 2321820
2.330674 1.37154e-16 2306774
2.331983 1.34061e-16 2290014
2.333292 1.30946e-16 2268398
2.334601 1.28321e-16 2248548
2.335910 1.25393e-16 2236670
2.337219 1.22283e-16 2212846
2.338528 1.20003e-16 2196526
2.339837 1.17123e-16 2179358
2.341146 1.1467e-16 2164852
2.342454 1.11862e-16 2143734
2.343763 1.09438e-16 2126262
2.345072 1.06806e-16 2112078
2.346381 1.04822e-16 2091794
2.347690 1.02323e-16 2078742
2.348999 9.96691e-17 2056670
2.350308 9.78999e-17 2043038
2.351617 9.54247e-17 2026950
2.352926 9.3395e-17 2007518
2.354235 9.08699e-17 1989030
2.355544 8.90108e-17 1980590
2.356853 8.68943e-17 1959222
2.358161 8.50312e-17 1941566
2.359470 8.3178e-17 1927710
2.360779 8.11334e-17 1913822
2.362088 7.90797e-17 1893734
2.363397 7.73712e-17 1876038
2.364706 7.55643e-17 1866302
2.366015 7.38309e-17 1849478
2.367324 7.19497e-17 1829358
2.368633 7.02912e-17 1815326
2.369942 6.84307e-17 1803438
2.371251 6.68243e-17 1786214
2.372560 6.51509e-17 1770324
2.373868 6.38101e-17 1755062
2.375177 6.20865e-17 1741230
2.376486 6.07133e-17 1725710
2.377795 5.91917e-17 1709886
2.379104 5.77229e-17 1694870
2.380413 5.6421e-17 1682480
2.381722 5.49229e-17 1666526
2.383031 5.37079e-17 1649094
2.384340 5.23241e-17 1638222
2.385649 5.09687e-17 1625544
2.386958 4.9714e-17 1607902
2.388267 4.86129e-17 1590174
2.389575 4.73376e-17 1586864
2.390884 4.59822e-17 1565622
2.392193 4.50949e-17 1550222
2.393502 4.37461e-17 1538266
2.394811 4.25092e-17 1526272
2.396120 4.15738e-17 1510742
2.397429 4.05917e-17 1496070
2.398738 3.94492e-17 1484336
2.400047 3.84159e-17 1473078
2.401356 3.74796e-17 1455118
2.402665 3.65115e-17 1442544
2.403974 3.56191e-17 1433022
2.405282 3.45733e-17 1414184
2.406591 3.37622e-17 1406214
2.407900 3.27974e-17 1390046
2.409209 3.18785e-17 1377984
2.410518 3.10736e-17 1368542
2.411827 3.01589e-17 1350872
2.413136 2.93917e-17 1339158
2.414445 2.86566e-17 1328996
2.415754 2.78939e-17 1314486
2.417063 2.71402e-17 1300616
2.418372 2.63727e-17 1290318
2.419681 2.57487e-17 1280678
2.420990 2.50436e-17 1265336
2.422298 2.42204e-17 1249230
2.423607 2.36408e-17 1245248
2.424916 2.28998e-17 1227894
2.426225 2.23291e-17 1215872
2.427534 2.16954e-17 1204182
2.428843 2.1137e-17 1196744
2.430152 2.04151e-17 1181528
2.431461 1.98623e-17 1167726
2.432770 1.93245e-17 1160252
2.434079 1.87582e-17 1147830
2.435388 1.82871e-17 1135112
2.436697 1.7748e-17 1122470
2.438005 1.71792e-17 1113768
2.439314 1.67105e-17 1103702
2.440623 1.61698e-17 1089096
2.441932 1.57169e-17 1077296
2.443241 1.5259e-17 1068942
2.444550 1.48321e-17 1059680
2.445859 1.43391e-17 1045886
2.447168 1.39465e-17 1033104
2.448477 1.35522e-17 1027112
2.449786 1.31357e-17 1015626
2.451095 1.2664e-17 1001096
2.452404 1.23207e-17 993944
2.453712 1.19757e-17 983286
2.455021 1.16164e-17 973592
2.456330 1.12469e-17 958512
2.457639 1.08774e-17 952790
2.458948 1.05256e-17 942576
2.460257 1.0199e-17 930096
2.461566 9.90117e-18 919046
2.462875 9.58142e-18 914624
2.464184 9.26885e-18 901064
2.465493 8.9408e-18 890682
2.466802 8.63831e-18 878864
2.468111 8.38802e-18 874224
2.469419 8.11423e-18 861806
2.470728 7.84347e-18 850232
2.472037 7.60926e-18 843748
2.473346 7.35837e-18 834964
2.474655 7.06461e-18 823230
2.475964 6.83884e-18 811808
2.477273 6.60857e-18 806112
2.478582 6.39772e-18 797696
2.479891 6.19648e-18 785382
2.481200 5.95407e-18 774860
2.482509 5.79168e-18 771776
2.483818 5.57352e-18 759604
2.485126 5.35516e-18 749338
2.486435 5.1797e-18 739488
2.487744 5.02104e-18 736448
2.489053 4.84073e-18 723488
2.490362 4.64024e-18 712614
2.491671 4.47448e-18 707600
2.492980 4.33998e-18 698520
2.494289 4.17543e-18 690848
2.495598 4.0146e-18 677192
2.496907 3.87139e-18 675570
2.498216 3.72605e-18 665096
2.499525 3.58915e-18 654384
2.500834 3.41779e-18 646112
2.502142 3.31782e-18 642288
2.503451 3.19048e-18 632624
2.504760 3.06507e-18 620966
2.506069 2.95757e-18 615336
2.507378 2.84262e-18 609952
2.508687 2.73104e-18 598936
2.509996 2.6203e-18 589652
2.511305 2.52999e-18 584768
2.512614 2.42008e-18 578472
2.513923 2.32445e-18 567974
2.515232 2.23229e-18 558960
2.516541 2.14434e-18 556472
2.517849 2.04549e-18 546768
2.519158 1.96665e-18 537424
2.520467 1.88464e-18 529480
2.521776 1.80919e-18 526928
2.523085 1.73106e-18 517376
2.524394 1.64891e-18 508402
2.525703 1.58453e-18 502048
2.527012 1.51849e-18 497856
2.528321 1.45403e-18 488096
2.529630 1.38813e-18 478904
2.530939 1.32528e-18 476464
2.532248 1.26873e-18 468904
2.533556 1.20956e-18 460128
2.534865 1.1596e-18 451856
2.536174 1.11284e-18 450800
2.537483 1.05743e-18 441996
2.538792 1.00823e-18 432184
2.540101 9.6249e-19 427246
2.541410 9.20117e-19 423032
2.542719 8.77468e-19 415680
2.544028 8.32667e-19 406808
2.545337 7.92571e-19 402240
2.546646 7.57279e-19 398192
2.547955 7.20282e-19 389608
2.549263 6.81866e-19 381232
2.550572 6.48307e-19 379316
2.551881 6.14079e-19 372768
2.553190 5.82994e-19 364040
2.554499 5.54953e-19 357528
2.555808 5.31162e-19 357080
2.557117 4.9907e-19 348536
2.558426 4.70354e-19 340368
2.559735 4.46969e-19 336272
2.561044 4.25756e-19 333072
2.562353 3.98653e-19 325376
2.563662 3.75318e-19 316604
2.564970 3.58176e-19 315456
2.566279 3.40732e-19 310880
2.567588 3.2059e-19 302816
2.568897 3.01032e-19 294504
2.570206 2.85406e-19 295512
2.571515 2.68909e-19 288488
2.572824 2.5233e-19 280832
2.574133 2.36162e-19 275688
2.575442 2.23991e-19 274148
2.576751 2.08849e-19 267144
2.578060 1.96039e-19 259928
2.579369 1.85438e-19 256800
2.580678 1.73921e-19 254960
2.581986 1.60403e-19 246272
2.583295 1.50495e-19 239896
2.584604 1.42302e-19 239104
2.585913 1.33615e-19 235104
2.587222 1.2233e-19 227132
2.588531 1.14411e-19 220488
2.589840 1.08031e-19 222080
2.591149 1.00951e-19 216178
2.592458 9.27535e-20 208984
2.593767 8.56759e-20 204080
2.595076 8.13531e-20 203568
2.596385 7.45407e-20 197888
2.597693 6.90001e-20 191216
2.599002 6.39762e-20 189060
2.600311 5.86368e-20 185888
2.601620 5.46387e-20 180504
2.602929 5.03908e-20 173880
2.604238 4.72646e-20 175112
2.605547 4.24843e-20 169280
2.606856 3.92354e-20 163208
2.608165 3.6321e-20 158400
2.609474 3.38804e-20 160538
2.610783 3.01288e-20 153444
2.612092 2.74818e-20 147512
2.613400 2.55196e-20 144624
2.614709 2.38493e-20 145328
2.616018 2.13154e-20 138560
2.617327 1.89407e-20 132192
2.618636 1.78019e-20 132272
2.619945 1.64291e-20 130632
2.621254 1.46341e-20 124442
2.622563 1.25871e-20 117900
2.623872 1.21878e-20 120392
2.625181 1.11754e-20 116792
2.626490 9.8948e-21 110952
2.627799 8.53365e-21 105776
2.629107 8.20822e-21 107712
2.630416 7.40063e-21 103496
2.631725 6.54949e-21 98186
2.633034 5.80949e-21 95676
2.634343 5.34955e-21 95072
2.635652 4.99882e-21 90960
2.636961 4.31214e-21 85832
2.638270 4.03979e-21 86520
2.639579 3.54063e-21 83168
2.640888 3.23908e-21 78938
2.642197 2.91774e-21 74688
2.643506 2.79209e-21 77588
2.644814 2.35844e-21 72048
2.646123 2.12894e-21 67952
2.647432 2.03102e-21 65928
2.648741 1.94065e-21 67706
2.650050 1.60127e-21 61688
2.651359 1.43452e-21 57456
2.652668 1.48267e-21 58424
2.653977 1.38057e-21 58080
2.655286 1.10669e-21 51812
2.656595 1.03765e-21 48026
2.657904 1.1087e-21 51408
2.659213 1.01322e-21 49376
2.660522 7.54683e-22 42600
2.661830 7.94798e-22 39560
2.663139 8.59754e-22 45024
2.664448 7.31907e-22 41186
2.665757 5.69502e-22 34364
2.667066 6.2119e-22 33744
2.668375 6.38737e-22 37184
2.669684 5.14317e-22 33528
2.670993 4.51651e-22 26762
2.672302 4.77503e-22 28920
2.673611 4.65763e-22 30176
2.674920 3.81367e-22 26624
2.676229 3.20789e-22 19668
2.677537 3.68061e-22 24818
2.678846 3.22481e-22 23928
2.680155 2.79346e-22 20360
2.681464 2.00056e-22 14232
2.682773 2.55781e-22 20402
2.684082 2.28265e-22 18464
2.685391 1.83033e-22 14856
2.686700 1.33634e-22 10916
2.688009 1.79973e-22 15144
2.689318 1.60042e-22 13634
2.690627 1.17552e-22 9920
2.691936 1.03079e-22 8496
2.693244 1.27365e-22 10664
2.694553 1.11897e-22 9498
2.695862 6.1716e-23 5204
2.697171 8.50497e-23 7128
2.698480 8.26666e-23 6968
2.699789 7.14566e-23 6056
2.701098 3.3585e-23 2706
2.702407 5.66765e-23 4808
2.703716 4.9501e-23 4056
2.705025 4.27607e-23 3368
2.706334 1.76992e-23 1446
2.707643 3.3223e-23 2456
2.708951 2.61485e-23 1928
2.710260 1.83676e-23 1464
2.711569 7.68616e-24 578
2.712878 1.23309e-23 888
2.714187 8.90821e-24 584
2.715496 4.92874e-24 314
2.716805 2.76394e-24 132
2.718114 2.62587e-24 104
2.719423 5.1529e-25 24
2.720732 1.74348e-26 1
2.722041 0 0
2.723350 0 0
2.724658 0 0
2.725967 0 0
2.727276 0 0
2.728585 0 0
2.729894 0 0
2.731203 0 0
2.732512 0 0
2.733821 0 0
2.735130 0 0
2.736439 0 0
2.737748 0 0
2.739057 0 0
2.740366 0 0
2.741674 0 0
2.742983 0 0
2.744292 0 0
2.745601 0 0
2.746910 0 0
2.748219 0 0
2.749528 0 0
2.750837 0 0
2.752146 0 0
2.753455 0 0
2.754764 0 0
2.756073 0 0
2.757381 0 0
2.758690 0 0
2.759999 0 0
2.761308 0 0
2.762617 0 0
2.763926 0 0
2.765235 0 0
2.766544 0 0
2.767853 0 0
2.769162 0 0
2.770471 0 0
2.771780 0 0
2.773088 0 0
2.774397 0 0
2.775706 0 0
2.777015 0 0
2.778324 0 0
2.779633 0 0
2.780942 0 0
2.782251 0 0
2.783560 0 0
2.784869 0 0
2.786178 0 0
2.787487 0 0
2.788795 0 0
2.790104 0 0
2.791413 0 0
2.792722 0 0
2.794031 0 0
2.795340 0 0
2.796649 0 0
2.797958 0 0
2.799267 0 0
2.800576 0 0
2.801885 0 0
2.803194 0 0
2.804502 0 0
2.805811 0 0
2.807120 0 0
2.808429 0 0
2.809738 0 0
2.811047 0 0
2.812356 0 0
2.813665 0 0
2.814974 0 0
2.816283 0 0
2.817592 0 0
2.818901 0 0
2.820210 0 0
2.821518 0 0
2.822827 0 0
2.824136 0 0
2.825445 0 0
2.826754 0 0
2.828063 0 0
2.829372 0 0
2.830681 0 0
2.831990 0 0
2.833299 0 0
2.834608 0 0
2.835917 0 0
2.837225 0 0
2.838534 0 0
2.839843 0 0
2.841152 0 0
2.842461 0 0
2.843770 0 0
2.845079 0 0
2.846388 0 0
2.847697 0 0
2.849006 0 0
2.850315 0 0
2.851624 0 0
2.852932 0 0
2.854241 0 0
2.855550 0 0
2.856859 0 0
2.858168 0 0
2.859477 0 0
2.860786 0 0
2.862095 0 0
2.863404 0 0
2.864713 0 0
2.866022 0 0
2.867331 0 0
2.868639 0 0
2.869948 0 0
2.871257 0 0
2.872566 0 0
2.873875 0 0
2.875184 0 0
2.876493 0 0
2.877802 0 0
2.879111 0 0
2.880420 0 0
2.881729 0 0
2.883038 0 0
2.884346 0 0
2.885655 0 0
2.886964 0 0
2.888273 0 0
2.889582 0 0
2.890891 0 0
2.892200 0 0
2.893509 0 0
2.894818 0 0
2.896127 0 0
2.897436 0 0
2.898745 0 0
2.900054 0 0
2.901362 0 0
2.902671 0 0
2.903980 0 0
2.905289 0 0
2.906598 0 0
2.907907 0 0
2.909216 0 0
2.910525 0 0
2.911834 0 0
2.913143 0 0
2.914452 0 0
2.915761 0 0
2.917069 0 0
2.918378 0 0
2.919687 0 0
2.920996 0 0
2.922305 0 0
2.923614 0 0
2.924923 0 0
2.926232 0 0
2.927541 0 0
2.928850 0 0
2.930159 0 0
2.931468 0 0
2.932776 0 0
2.934085 0 0
2.935394 0 0
2.936703 0 0
2.938012 0 0
2.939321 0 0
2.940630 0 0
2.941939 0 0
2.943248 0 0
2.944557 0 0
2.945866 0 0
2.947175 0 0
2.948483 0 0
2.949792 0 0
2.951101 0 0
2.952410 0 0
2.953719 0 0
2.955028 0 0
2.956337 0 0
2.957646 0 0
2.958955 0 0
2.960264 0 0
2.961573 0 0
2.962882 0 0
2.964190 0 0
2.965499 0 0
2.966808 0 0
2.968117 0 0
2.969426 0 0
2.970735 0 0
2.972044 0 0
2.973353 0 0
2.974662 0 0
2.975971 0 0
2.977280 0 0
2.978589 0 0
2.979897 0 0
2.981206 0 0
2.982515 0 0
2.983824 0 0
2.985133 0 0
2.986442 0 0
2.987751 0 0
2.989060 0 0
2.990369 0 0
2.991678 0 0
2.992987 0 0
2.994296 0 0
2.995605 0 0
2.996913 0 0
2.998222 0 0
2.999531 0 0
3.000840 0 0
3.002149 0 0
3.003458 0 0
3.004767 0 0
3.006076 0 0
3.007385 0 0
3.008694 0 0
3.010003 0 0
3.011312 0 0
3.012620 0 0
3.013929 0 0
3.015238 0 0
3.016547 0 0
3.017856 0 0
3.019165 0 0
3.020474 0 0
3.021783 0 0
3.023092 0 0
3.024401 0 0
3.025710 0 0
3.027019 0 0
3.028327 0 0
3.029636 0 0
3.030945 0 0
3.032254 0 0
3.033563 0 0
3.034872 0 0
3.036181 0 0
3.037490 0 0
3.038799 0 0
3.040108 0 0
3.041417 0 0
3.042726 0 0
3.044034 0 0
3.045343 0 0
3.046652 0 0
3.047961 0 0
3.049270 0 0
3.050579 0 0
3.051888 0 0
3.053197 0 0
3.054506 0 0
3.055815 0 0
3.057124 0 0
3.058433 0 0
3.059741 0 0
3.061050 0 0
3.062359 0 0
3.063668 0 0
3.064977 0 0
3.066286 0 0
3.067595 0 0
3.068904 0 0
3.070213 0 0
3.071522 0 0
3.072831 0 0
3.074140 0 0
3.075449 0 0
3.076757 0 0
3.078066 0 0
3.079375 0 0
3.080684 0 0
3.081993 0 0
3.083302 0 0
3.084611 0 0
3.085920 0 0
3.087229 0 0
3.088538 0 0
3.089847 0 0
3.091156 0 0
3.092464 0 0
3.093773 0 0
3.095082 0 0
3.096391 0 0
3.097700 0 0
3.099009 0 0
3.100318 0 0
3.101627 0 0
3.102936 0 0
3.104245 0 0
3.105554 0 0
3.106863 0 0
3.108171 0 0
3.109480 0 0
3.110789 0 0
3.112098 0 0
3.113407 0 0
3.114716 0 0
3.116025 0 0
3.117334 0 0
3.118643 0 0
3.119952 0 0
3.121261 0 0
3.122570 0 0
3.123878 0 0
3.125187 0 0
3.126496 0 0
3.127805 0 0
3.129114 0 0
3.130423 0 0
3.131732 0 0
3.133041 0 0
3.134350 0 0
3.135659 0 0
3.136968 0 0
3.138277 0 0
3.139585 0 0
3.140894 0 0
