0.000654 0 1
0.001963 1.31406e-11 26
0.003272 4.4773e-11 66
0.004581 1.99696e-10 158
0.005890 2.3671e-10 234
0.007199 3.62845e-10 410
0.008508 3.50822e-10 500
0.009817 4.3176e-10 708
0.011126 4.51068e-10 866
0.012435 5.00614e-10 1170
0.013744 4.96093e-10 1358
0.015053 5.47668e-10 1626
0.016362 5.61369e-10 1970
0.017671 6.13786e-10 2396
0.018980 6.12014e-10 2524
0.020289 6.77945e-10 3058
0.021598 6.71187e-10 3306
0.022907 7.62557e-10 3926
0.024216 7.60514e-10 4242
0.025525 7.84651e-10 4826
0.026834 7.92677e-10 5294
0.028143 7.96427e-10 5730
0.029452 8.38592e-10 6410
0.030761 8.9637e-10 6942
0.032070 8.81683e-10 7370
0.033379 9.71806e-10 8330
0.034688 9.94992e-10 8754
0.035997 1.06367e-09 9740
0.037306 1.05158e-09 9828
0.038615 1.12032e-09 11178
0.039924 1.09649e-09 11342
0.041233 1.20736e-09 12770
0.042542 1.16787e-09 13106
0.043851 1.24386e-09 14250
0.045160 1.2528e-09 14894
0.046469 1.29151e-09 15858
0.047778 1.31481e-09 16706
0.049087 1.33218e-09 17550
0.050396 1.35808e-09 18626
0.051705 1.41511e-09 19682
0.053014 1.38685e-09 20414
0.054323 1.45381e-09 21786
0.055632 1.45622e-09 22578
0.056941 1.50867e-09 24050
0.058250 1.49928e-09 24846
0.059559 1.5215e-09 26114
0.060868 1.55353e-09 26738
0.062177 1.60102e-09 28494
0.063486 1.59891e-09 29426
0.064795 1.63282e-09 30978
0.066104 1.64295e-09 32034
0.067413 1.675e-09 33550
0.068722 1.69362e-09 34506
0.070031 1.71514e-09 36194
0.071340 1.71477e-09 36678
0.072649 1.77107e-09 39176
0.073958 1.75966e-09 39868
0.075267 1.77342e-09 41242
0.076576 1.81971e-09 43310
0.077885 1.81477e-09 44242
0.079194 1.86793e-09 46354
0.080503 1.84038e-09 47334
0.081812 1.87607e-09 48962
0.083121 1.8957e-09 51306
0.084430 1.86051e-09 51350
0.085739 1.93414e-09 54818
0.087048 1.89965e-09 54810
0.088357 1.94442e-09 57434
0.089666 1.97659e-09 59190
0.090975 1.97361e-09 60602
0.092284 1.96672e-09 62202
0.093593 1.99879e-09 64046
0.094902 2.00623e-09 65954
0.096211 2.04139e-09 68898
0.097520 2.01311e-09 69098
0.098829 2.05352e-09 72222
0.100138 2.01724e-09 73194
0.101447 2.05283e-09 75322
0.102756 2.06538e-09 77246
0.104065 2.06994e-09 79314
0.105374 2.07682e-09 81090
0.106683 2.09912e-09 83662
0.107992 2.10286e-09 86218
0.109301 2.10212e-09 87386
0.110610 2.07987e-09 89234
0.111919 2.14253e-09 92454
0.113228 2.09803e-09 93826
0.114537 2.11742e-09 96466
0.115846 2.08962e-09 97166
0.117155 2.16017e-09 101994
0.118464 2.14345e-09 102794
0.119773 2.14284e-09 105050
0.121082 2.14192e-09 107502
0.122391 2.13529e-09 109826
0.123700 2.15698e-09 111954
0.125009 2.13874e-09 114830
0.126318 2.1395e-09 116210
0.127627 2.16512e-09 120066
0.128936 2.14249e-09 122314
0.130245 2.14963e-09 124054
0.131554 2.13864e-09 126458
0.132863 2.16128e-09 130474
0.134172 2.14558e-09 131206
0.135481 2.15602e-09 135122
0.136790 2.12671e-09 137010
0.138099 2.13495e-09 140006
0.139408 2.11576e-09 142074
0.140717 2.12205e-09 146042
0.142026 2.0942e-09 146650
0.143335 2.12024e-09 151582
0.144644 2.08094e-09 152042
0.145953 2.11667e-09 157536
0.147262 2.10281e-09 158788
0.148571 2.09038e-09 162038
0.149880 2.08896e-09 164866
0.151189 2.08563e-09 167898
0.152498 2.05974e-09 170246
0.153807 2.06122e-09 173858
0.155116 2.05301e-09 176440
0.156425 2.02959e-09 178400
0.157734 2.03587e-09 182666
0.159043 2.02028e-09 185690
0.160352 2.00183e-09 188174
0.161661 2.00419e-09 192666
0.162970 1.9761e-09 194498
0.164279 1.97114e-09 199194
0.165588 1.91904e-09 198374
0.166897 1.9415e-09 205074
0.168206 1.92394e-09 206954
0.169515 1.89364e-09 211502
0.170824 1.87484e-09 213738
0.172133 1.87645e-09 217394
0.173442 1.8566e-09 221154
0.174751 1.83799e-09 225110
0.176060 1.79829e-09 225186
0.177369 1.81106e-09 231146
0.178678 1.78331e-09 234606
0.179987 1.75741e-09 237122
0.181296 1.73841e-09 241250
0.182605 1.71527e-09 243870
0.183914 1.69485e-09 248882
0.185223 1.6674e-09 251034
0.186532 1.64046e-09 254714
0.187841 1.63111e-09 259790
0.189150 1.58643e-09 261402
0.190459 1.58404e-09 267842
0.191768 1.54035e-09 268374
0.193077 1.53818e-09 274250
0.194386 1.49192e-09 276914
0.195695 1.4842e-09 281874
0.197004 1.43966e-09 282734
0.198313 1.4252e-09 288762
0.199622 1.37635e-09 291098
0.200931 1.38197e-09 298390
0.202240 1.33279e-09 299170
0.203549 1.3081e-09 303650
0.204858 1.27679e-09 306906
0.206167 1.2558e-09 311782
0.207476 1.23259e-09 316234
0.208785 1.19912e-09 319682
0.210094 1.16659e-09 322350
0.211403 1.14532e-09 329354
0.212712 1.11882e-09 332114
0.214021 1.08421e-09 335438
0.215330 1.06422e-09 340506
0.216639 1.03209e-09 344514
0.217948 9.97064e-10 347330
0.219257 9.75372e-10 353238
0.220566 9.43636e-10 355106
0.221875 9.20629e-10 362570
0.223184 8.90656e-10 365118
0.224493 8.7016e-10 369962
0.225802 8.38803e-10 373554
0.227111 8.1402e-10 378154
0.228420 7.8976e-10 382974
0.229729 7.68981e-10 387690
0.231038 7.42843e-10 390562
0.232347 7.14714e-10 394438
0.233656 6.98583e-10 400466
0.234965 6.77648e-10 406074
0.236274 6.54558e-10 409750
0.237583 6.29615e-10 412434
0.238892 6.13576e-10 419058
0.240201 5.97336e-10 425162
0.241510 5.71548e-10 426342
0.242819 5.55835e-10 433154
0.244128 5.36391e-10 436386
0.245437 5.23463e-10 444302
0.246746 5.00788e-10 443282
0.248055 4.87213e-10 452346
0.249364 4.68815e-10 453962
0.250673 4.60343e-10 463806
0.251982 4.38091e-10 462986
0.253291 4.31269e-10 472082
0.254600 4.14349e-10 474914
0.255909 4.03266e-10 481398
0.257218 3.88911e-10 485538
0.258527 3.77145e-10 487930
0.259836 3.69982e-10 495550
0.261145 3.56416e-10 500546
0.262454 3.46818e-10 505186
0.263763 3.36989e-10 510454
0.265072 3.27778e-10 514330
0.266381 3.17615e-10 522530
0.267690 3.06945e-10 523126
0.268999 3.02534e-10 533778
0.270308 2.90873e-10 534098
0.271617 2.83584e-10 541154
0.272926 2.7452e-10 545286
0.274235 2.7009e-10 552410
0.275544 2.61242e-10 556338
0.276853 2.52131e-10 561758
0.278162 2.47835e-10 567138
0.279471 2.42443e-10 575474
0.280780 2.33115e-10 576746
0.282089 2.27104e-10 582750
0.283398 2.23185e-10 589450
0.284707 2.16196e-10 593594
0.286016 2.1114e-10 601462
0.287325 2.03864e-10 603842
0.288634 2.00411e-10 611720
0.289943 1.94717e-10 616872
0.291252 1.89342e-10 621554
0.292561 1.84917e-10 628728
0.293870 1.80063e-10 632220
0.295179 1.76119e-10 640762
0.296488 1.69886e-10 641982
0.297797 1.67686e-10 652258
0.299106 1.6281e-10 655454
0.300415 1.59615e-10 663626
0.301724 1.54201e-10 664994
0.303033 1.52528e-10 674706
0.304342 1.48602e-10 679118
0.305651 1.44434e-10 686618
0.306960 1.40982e-10 690792
0.308269 1.37681e-10 696128
0.309578 1.34998e-10 702522
0.310887 1.30538e-10 708984
0.312196 1.28208e-10 711368
0.313505 1.25958e-10 723354
0.314814 1.21831e-10 726896
0.316123 1.18733e-10 733076
0.317432 1.16487e-10 740054
0.318741 1.13213e-10 745338
0.320050 1.09996e-10 751930
0.321359 1.06485e-10 756054
0.322668 1.04366e-10 762234
0.323977 1.01817e-10 772898
0.325286 9.7925e-11 775048
0.326595 9.5472e-11 780376
0.327904 9.30883e-11 788610
0.329213 9.05821e-11 796346
0.330522 8.72351e-11 799646
0.331831 8.49142e-11 806226
0.333140 8.33892e-11 816982
0.334449 8.01372e-11 820102
0.335758 7.79324e-11 825390
0.337067 7.58504e-11 833162
0.338376 7.38e-11 839882
0.339685 7.13833e-11 845990
0.340994 6.92745e-11 852882
0.342303 6.78098e-11 859346
0.343612 6.53564e-11 863934
0.344921 6.40579e-11 875018
0.346230 6.21135e-11 877410
0.347539 6.08312e-11 889106
0.348848 5.85512e-11 888782
0.350157 5.70819e-11 899466
0.351466 5.60075e-11 908258
0.352775 5.44502e-11 913806
0.354084 5.24463e-11 915074
0.355393 5.1611e-11 930434
0.356702 4.98181e-11 931050
0.358011 4.88857e-11 942510
0.359320 4.69484e-11 944210
0.360629 4.59616e-11 953882
0.361938 4.48684e-11 963126
0.363247 4.31784e-11 964082
0.364556 4.20589e-11 975338
0.365865 4.10472e-11 982398
0.367174 3.99007e-11 988178
0.368483 3.87578e-11 996618
0.369792 3.74573e-11 1001474
0.371101 3.67994e-11 1012734
0.372410 3.5414e-11 1014122
0.373719 3.45704e-11 1028114
0.375028 3.33662e-11 1027086
0.376337 3.2686e-11 1041002
0.377646 3.15153e-11 1043058
0.378955 3.06845e-11 1055378
0.380264 2.99834e-11 1060142
0.381573 2.90814e-11 1067826
0.382882 2.79742e-11 1075034
0.384191 2.74527e-11 1085022
0.385500 2.66638e-11 1087778
0.386809 2.58573e-11 1098522
0.388118 2.50369e-11 1102682
0.389427 2.42997e-11 1113926
0.390736 2.38149e-11 1120074
0.392045 2.29851e-11 1126274
0.393354 2.23325e-11 1133814
0.394663 2.17341e-11 1140362
0.395972 2.12136e-11 1154010
0.397281 2.04789e-11 1156022
0.398590 1.97579e-11 1162946
0.399899 1.94303e-11 1175562
0.401208 1.87799e-11 1178354
0.402517 1.82509e-11 1192390
0.403826 1.75618e-11 1189714
0.405135 1.71988e-11 1206786
0.406444 1.66607e-11 1210926
0.407753 1.61428e-11 1221298
0.409063 1.56456e-11 1226226
0.410372 1.52337e-11 1234562
0.411681 1.47841e-11 1245558
0.412990 1.42766e-11 1250722
0.414299 1.38991e-11 1257578
0.415608 1.35063e-11 1266622
0.416917 1.30921e-11 1274274
0.418226 1.2652e-11 1282562
0.419535 1.23224e-11 1288262
0.420844 1.19806e-11 1299930
0.422153 1.15767e-11 1309850
0.423462 1.12875e-11 1315202
0.424771 1.09427e-11 1319898
0.426080 1.06514e-11 1333118
0.427389 1.02552e-11 1340274
0.428698 1.00466e-11 1348558
0.430007 9.76917e-12 1355362
0.431316 9.45778e-12 1366274
0.432625 9.13807e-12 1374456
0.433934 8.86488e-12 1376096
0.435243 8.66938e-12 1386946
0.436552 8.36701e-12 1402258
0.437861 8.10744e-12 1401542
0.439170 7.89538e-12 1416930
0.440479 7.6606e-12 1422050
0.441788 7.40386e-12 1430666
0.443097 7.1855e-12 1440702
0.444406 7.01461e-12 1449050
0.445715 6.79072e-12 1458642
0.447024 6.56921e-12 1465430
0.448333 6.37114e-12 1470458
0.449642 6.22465e-12 1488162
0.450951 6.01879e-12 1487166
0.452260 5.87464e-12 1504754
0.453569 5.69048e-12 1504658
0.454878 5.54505e-12 1516202
0.456187 5.39088e-12 1527894
0.457496 5.25853e-12 1536170
0.458805 5.1298e-12 1543494
0.460114 5.00295e-12 1550906
0.461423 4.89275e-12 1561386
0.462732 4.79764e-12 1573234
0.464041 4.71992e-12 1574722
0.465350 4.64368e-12 1592846
0.466659 4.54082e-12 1594082
0.467968 4.49894e-12 1607538
0.469277 4.4548e-12 1613574
0.470586 4.36208e-12 1621898
0.471895 4.3184e-12 1636442
0.473204 4.19385e-12 1638286
0.474513 4.0216e-12 1654834
0.475822 3.85223e-12 1660034
0.477131 3.63008e-12 1667922
0.478440 3.4804e-12 1683638
0.479749 3.30357e-12 1681314
0.481058 3.16749e-12 1701986
0.482367 3.04744e-12 1703798
0.483676 2.9178e-12 1720770
0.484985 2.80038e-12 1721458
0.486294 2.70191e-12 1732186
0.487603 2.6129e-12 1745318
0.488912 2.52681e-12 1754466
0.490221 2.43835e-12 1763186
0.491530 2.3539e-12 1771598
0.492839 2.28541e-12 1776426
0.494148 2.2076e-12 1796066
0.495457 2.14049e-12 1797030
0.496766 2.07267e-12 1811762
0.498075 2.00871e-12 1817226
0.499384 1.94197e-12 1826930
0.500693 1.88344e-12 1840022
0.502002 1.83021e-12 1850346
0.503311 1.77431e-12 1857578
0.504620 1.71831e-12 1871142
0.505929 1.65915e-12 1871890
0.507238 1.61627e-12 1889250
0.508547 1.56038e-12 1894050
0.509856 1.51691e-12 1911922
0.511165 1.4639e-12 1910590
0.512474 1.42671e-12 1929242
0.513783 1.37948e-12 1938076
0.515092 1.33585e-12 1942324
0.516401 1.29925e-12 1953074
0.517710 1.26336e-12 1968122
0.519019 1.22192e-12 1976166
0.520328 1.1805e-12 1982226
0.521637 1.1501e-12 1998946
0.522946 1.11529e-12 2005222
0.524255 1.07985e-12 2014034
0.525564 1.04843e-12 2030818
0.526873 1.01331e-12 2030942
0.528182 9.87747e-13 2048530
0.529491 9.52476e-13 2059392
0.530800 9.28181e-13 2064196
0.532108 9.00003e-13 2071126
0.533417 8.73839e-13 2086962
0.534726 8.469e-13 2102018
0.536035 8.21561e-13 2104958
0.537344 7.99293e-13 2118474
0.538653 7.74254e-13 2129306
0.539962 7.50638e-13 2135738
0.541271 7.29708e-13 2148470
0.542580 7.07454e-13 2155218
0.543889 6.87208e-13 2174810
0.545198 6.6535e-13 2175846
0.546507 6.46946e-13 2187890
0.547816 6.29668e-13 2205258
0.549125 6.0856e-13 2209238
0.550434 5.93731e-13 2223738
0.551743 5.75404e-13 2231642
0.553052 5.59033e-13 2245946
0.554361 5.41473e-13 2254470
0.555670 5.26644e-13 2260634
0.556979 5.14885e-13 2281338
0.558288 4.97053e-13 2286844
0.559597 4.8199e-13 2295756
0.560906 4.68952e-13 2304426
0.562215 4.55032e-13 2317850
0.563524 4.40466e-13 2325462
0.564833 4.29463e-13 2339978
0.566142 4.17918e-13 2351194
0.567451 4.05739e-13 2363526
0.568760 3.94174e-13 2376810
0.570069 3.82283e-13 2376610
0.571378 3.72247e-13 2393506
0.572687 3.63298e-13 2409870
0.573996 3.51264e-13 2412690
0.575305 3.43449e-13 2430658
0.576614 3.33909e-13 2436534
0.577923 3.25471e-13 2451808
0.579232 3.1617e-13 2458324
0.580541 3.09218e-13 2470070
0.581850 3.00562e-13 2484024
0.583159 2.92702e-13 2496124
0.584468 2.85017e-13 2502210
0.585777 2.79195e-13 2521476
0.587086 2.70169e-13 2515756
0.588395 2.66057e-13 2547586
0.589704 2.59716e-13 2550926
0.591012 2.54874e-13 2562446
0.592321 2.4828e-13 2571702
0.593630 2.44546e-13 2584922
0.594939 2.41067e-13 2598824
0.596248 2.3656e-13 2603320
0.597557 2.3372e-13 2619194
0.598866 2.32347e-13 2632014
0.600175 2.29947e-13 2639722
0.601484 2.29031e-13 2655282
0.602793 2.29689e-13 2661302
0.604102 2.29962e-13 2676114
0.605411 2.33026e-13 2685698
0.606720 2.36455e-13 2704722
0.608029 2.4348e-13 2708294
0.609338 2.53897e-13 2725226
0.610647 2.57955e-13 2738824
0.611956 2.71313e-13 2741488
0.613265 2.84993e-13 2758962
0.614574 3.05436e-13 2773736
0.615883 3.29895e-13 2775812
0.617192 3.52526e-13 2798478
0.618501 3.91146e-13 2806584
0.619810 4.2496e-13 2813636
0.621119 4.80652e-13 2829710
0.622428 5.33067e-13 2844376
0.623737 5.61017e-13 2850300
0.625046 6.34029e-13 2861542
0.626355 7.2275e-13 2877506
0.627664 7.6877e-13 2890146
0.628973 8.44398e-13 2899106
0.630282 8.55071e-13 2918964
0.631591 7.41963e-13 2924412
0.632900 6.66671e-13 2940298
0.634209 5.44044e-13 2948022
0.635518 4.68142e-13 2961746
0.636827 3.98825e-13 2970626
0.638136 3.40789e-13 2990178
0.639445 3.03823e-13 2999700
0.640754 2.53977e-13 3013276
0.642063 2.29058e-13 3017202
0.643372 1.98993e-13 3039854
0.644681 1.83808e-13 3044250
0.645990 1.6682e-13 3066674
0.647299 1.52654e-13 3068298
0.648607 1.41268e-13 3087902
0.649916 1.3068e-13 3092610
0.651225 1.22307e-13 3117456
0.652534 1.13904e-13 3117664
0.653843 1.08477e-13 3134610
0.655152 1.024e-13 3152426
0.656461 9.74706e-14 3152790
0.657770 9.32043e-14 3174770
0.659079 8.92464e-14 3187386
0.660388 8.57172e-14 3194762
0.661697 8.25983e-14 3218054
0.663006 7.91172e-14 3217622
0.664315 7.66349e-14 3241350
0.665624 7.39826e-14 3248478
0.666933 7.16814e-14 3264214
0.668242 6.9486e-14 3267546
0.669551 6.76461e-14 3293718
0.670860 6.53882e-14 3299126
0.672169 6.40446e-14 3315850
0.673478 6.21688e-14 3321946
0.674787 6.07558e-14 3342966
0.676096 5.92433e-14 3349970
0.677405 5.78218e-14 3365138
0.678714 5.65791e-14 3377886
0.680023 5.53199e-14 3393218
0.681332 5.41062e-14 3401274
0.682641 5.30957e-14 3422450
0.683950 5.19709e-14 3429390
0.685259 5.09062e-14 3443402
0.686568 4.9861e-14 3456938
0.687877 4.88706e-14 3474246
0.689186 4.78994e-14 3477482
0.690495 4.726e-14 3499314
0.691804 4.62899e-14 3507626
0.693113 4.56907e-14 3521622
0.694422 4.48155e-14 3540770
0.695731 4.42086e-14 3550634
0.697040 4.35059e-14 3562998
0.698349 4.28812e-14 3576962
0.699658 4.21452e-14 3586266
0.700967 4.15343e-14 3602354
0.702276 4.09523e-14 3621470
0.703585 4.04127e-14 3626034
0.704894 4.00372e-14 3649930
0.706203 3.94851e-14 3656710
0.707511 3.88836e-14 3667898
0.708820 3.85009e-14 3684906
0.710129 3.80589e-14 3692318
0.711438 3.78883e-14 3721706
0.712747 3.74368e-14 3717354
0.714056 3.71498e-14 3745826
0.715365 3.68217e-14 3752454
0.716674 3.65244e-14 3766314
0.717983 3.6261e-14 3779042
0.719292 3.60411e-14 3800558
0.720601 3.57944e-14 3801482
0.721910 3.57568e-14 3826098
0.723219 3.55342e-14 3833762
0.724528 3.54893e-14 3854334
0.725837 3.54001e-14 3861626
0.727146 3.52138e-14 3873074
0.728455 3.53411e-14 3900222
0.729764 3.52201e-14 3899714
0.731073 3.53014e-14 3918618
0.732382 3.53585e-14 3933422
0.733691 3.55663e-14 3946050
0.735000 3.5741e-14 3962282
0.736309 3.6033e-14 3977834
0.737618 3.63602e-14 3995022
0.738927 3.6641e-14 3997034
0.740236 3.72098e-14 4029234
0.741545 3.75988e-14 4026422
0.742854 3.82376e-14 4047546
0.744163 3.89776e-14 4060826
0.745472 3.98255e-14 4080362
0.746781 4.06326e-14 4085070
0.748090 4.19578e-14 4101746
0.749399 4.32368e-14 4117770
0.750708 4.47517e-14 4137734
0.752017 4.65527e-14 4139586
0.753326 4.87487e-14 4168418
0.754635 5.16522e-14 4172114
0.755944 5.47135e-14 4190430
0.757253 5.78684e-14 4207786
0.758562 6.16933e-14 4224706
0.759871 6.70896e-14 4236326
0.761180 7.13605e-14 4245290
0.762489 7.91169e-14 4266402
0.763798 8.65296e-14 4281446
0.765106 9.68862e-14 4288218
0.766415 1.09748e-13 4310570
0.767724 1.17165e-13 4320114
0.769033 1.32735e-13 4336694
0.770342 1.466e-13 4353482
0.771651 1.66758e-13 4364826
0.772960 1.93244e-13 4383398
0.774269 2.1504e-13 4397562
0.775578 2.49631e-13 4407146
0.776887 2.84896e-13 4431090
0.778196 3.37343e-13 4437806
0.779505 3.86308e-13 4458602
0.780814 4.1592e-13 4465714
0.782123 4.78528e-13 4492990
0.783432 5.66522e-13 4500666
0.784741 6.16451e-13 4513034
0.786050 7.02513e-13 4526574
0.787359 7.15697e-13 4557146
0.788668 6.178e-13 4554314
0.789977 5.23492e-13 4583010
0.791286 4.28018e-13 4589702
0.792595 3.62876e-13 4607082
0.793904 3.04041e-13 4619922
0.795213 2.52757e-13 4640686
0.796522 2.20947e-13 4651338
0.797831 1.80968e-13 4667642
0.799140 1.59493e-13 4682922
0.800449 1.33609e-13 4707254
0.801758 1.21036e-13 4707594
0.803067 1.0663e-13 4730954
0.804376 9.50494e-14 4743446
0.805685 8.62288e-14 4758442
0.806994 7.77811e-14 4778314
0.808303 7.12666e-14 4788702
0.809612 6.49553e-14 4814618
0.810921 6.07575e-14 4817130
0.812230 5.63082e-14 4841234
0.813539 5.32682e-14 4856094
0.814848 5.01078e-14 4863002
0.816157 4.76506e-14 4891298
0.817466 4.54619e-14 4897614
0.818775 4.35401e-14 4919330
0.820084 4.14866e-14 4923834
0.821393 4.0005e-14 4957130
0.822702 3.86648e-14 4962302
0.824010 3.75093e-14 4986162
0.825319 3.65603e-14 4985690
0.826628 3.56557e-14 5017742
0.827937 3.46677e-14 5024058
0.829246 3.41469e-14 5043562
0.830555 3.35059e-14 5053714
0.831864 3.29229e-14 5080886
0.833173 3.23463e-14 5088162
0.834482 3.18677e-14 5109906
0.835791 3.14266e-14 5115446
0.837100 3.10882e-14 5145554
0.838409 3.07576e-14 5150954
0.839718 3.04256e-14 5170950
0.841027 3.01967e-14 5185946
0.842336 2.99586e-14 5213226
0.843645 2.97383e-14 5216250
0.844954 2.95702e-14 5235998
0.846263 2.93135e-14 5246026
0.847572 2.92464e-14 5277570
0.848881 2.90275e-14 5276598
0.850190 2.9019e-14 5305622
0.851499 2.89278e-14 5322902
0.852808 2.87569e-14 5328978
0.854117 2.87232e-14 5350414
0.855426 2.86753e-14 5365042
0.856735 2.86225e-14 5384258
0.858044 2.85701e-14 5403446
0.859353 2.85311e-14 5407098
0.860662 2.86168e-14 5434626
0.861971 2.86423e-14 5452390
0.863280 2.86282e-14 5465466
0.864589 2.86882e-14 5483034
0.865898 2.87015e-14 5498760
0.867207 2.87404e-14 5513664
0.868516 2.89104e-14 5536642
0.869825 2.89579e-14 5546392
0.871134 2.90253e-14 5566656
0.872443 2.9195e-14 5584266
0.873752 2.93305e-14 5596170
0.875061 2.9454e-14 5611122
0.876370 2.95813e-14 5635910
0.877679 2.97315e-14 5643706
0.878988 3.00311e-14 5670730
0.880297 3.01881e-14 5685086
0.881606 3.03607e-14 5699186
0.882914 3.06207e-14 5714026
0.884223 3.0851e-14 5733322
0.885532 3.12235e-14 5757078
0.886841 3.14555e-14 5765978
0.888150 3.17575e-14 5782322
0.889459 3.20917e-14 5804166
0.890768 3.25233e-14 5816042
0.892077 3.29044e-14 5837898
0.893386 3.347e-14 5852414
0.894695 3.39412e-14 5875530
0.896004 3.44525e-14 5882594
0.897313 3.51867e-14 5909354
0.898622 3.58092e-14 5919886
0.899931 3.64437e-14 5939866
0.901240 3.73609e-14 5952786
0.902549 3.81994e-14 5982318
0.903858 3.92016e-14 5990978
0.905167 4.04943e-14 6009866
0.906476 4.17102e-14 6022498
0.907785 4.31165e-14 6049774
0.909094 4.48735e-14 6059210
0.910403 4.68581e-14 6079634
0.911712 4.92809e-14 6087942
0.913021 5.19138e-14 6112242
0.914330 5.45701e-14 6138530
0.915639 5.76004e-14 6143294
0.916948 6.20185e-14 6166650
0.918257 6.55396e-14 6184358
0.919566 7.17288e-14 6198798
0.920875 7.77403e-14 6228086
0.922184 8.57415e-14 6227498
0.923493 9.52761e-14 6264234
0.924802 1.01245e-13 6259118
0.926111 1.13443e-13 6299642
0.927420 1.23395e-13 6307362
0.928729 1.38233e-13 6330522
0.930038 1.58598e-13 6342518
0.931347 1.75526e-13 6360170
0.932656 2.01725e-13 6380226
0.933965 2.28058e-13 6399086
0.935274 2.6969e-13 6411546
0.936583 3.0853e-13 6433466
0.937892 3.32734e-13 6442110
0.939201 3.78914e-13 6478146
0.940509 4.53685e-13 6483562
0.941818 4.9905e-13 6504042
0.943127 5.7253e-13 6523230
0.944436 5.7967e-13 6545090
0.945745 4.96858e-13 6556778
0.947054 4.11244e-13 6579502
0.948363 3.45572e-13 6592570
0.949672 2.96559e-13 6624914
0.950981 2.51014e-13 6623322
0.952290 2.10801e-13 6658166
0.953599 1.86553e-13 6662298
0.954908 1.56748e-13 6692930
0.956217 1.39924e-13 6707270
0.957526 1.19909e-13 6718698
0.958835 1.09763e-13 6744690
0.960144 9.87261e-14 6765242
0.961453 8.93381e-14 6777878
0.962762 8.26493e-14 6797274
0.964071 7.5915e-14 6814210
0.965380 7.05791e-14 6834318
0.966689 6.5482e-14 6848714
0.967998 6.20592e-14 6875826
0.969307 5.84432e-14 6891774
0.970616 5.59163e-14 6911314
0.971925 5.34125e-14 6924930
0.973234 5.14236e-14 6948618
0.974543 4.96861e-14 6963366
0.975852 4.81208e-14 6986954
0.977161 4.65262e-14 6998258
0.978470 4.52521e-14 7027710
0.979779 4.41823e-14 7036794
0.981088 4.32348e-14 7056946
0.982397 4.25185e-14 7077546
0.983706 4.18008e-14 7097462
0.985015 4.11182e-14 7118706
0.986324 4.06673e-14 7131122
0.987633 4.02053e-14 7153574
0.988942 3.97258e-14 7174194
0.990251 3.93019e-14 7190642
0.991560 3.88858e-14 7201254
0.992869 3.86936e-14 7240442
0.994178 3.83878e-14 7250106
0.995487 3.81695e-14 7264322
0.996796 3.80439e-14 7296558
0.998105 3.77777e-14 7298786
0.999413 3.76571e-14 7332410
1.000723 3.74711e-14 7338574
1.002032 3.74218e-14 7369114
1.003341 3.73224e-14 7372818
1.004650 3.72473e-14 7406258
1.005959 3.71693e-14 7418310
1.007268 3.7148e-14 7442930
1.008577 3.70893e-14 7463008
1.009886 3.70492e-14 7475464
1.011195 3.70554e-14 7505090
1.012504 3.7051e-14 7522922
1.013813 3.70203e-14 7527498
1.015122 3.71303e-14 7566134
1.016431 3.71009e-14 7577428
1.017740 3.71284e-14 7589632
1.019049 3.72172e-14 7614582
1.020358 3.73401e-14 7638214
1.021667 3.73731e-14 7658278
1.022976 3.74468e-14 7668158
1.024285 3.75548e-14 7698816
1.025594 3.774e-14 7721612
1.026903 3.77336e-14 7716554
1.028212 3.79427e-14 7767796
1.029521 3.80608e-14 7767196
1.030830 3.8188e-14 7790154
1.032139 3.84327e-14 7819702
1.033448 3.84898e-14 7827714
1.034757 3.86796e-14 7852130
1.036067 3.88676e-14 7873202
1.037376 3.90912e-14 7892686
1.038685 3.93247e-14 7917146
1.039994 3.95564e-14 7936392
1.041303 3.97223e-14 7941968
1.042612 3.99922e-14 7971218
1.043921 4.03484e-14 8003258
1.045230 4.04482e-14 7990878
1.046539 4.09328e-14 8051202
1.047848 4.11826e-14 8048512
1.049157 4.15269e-14 8067948
1.050466 4.19916e-14 8099046
1.051775 4.239e-14 8112778
1.053084 4.27991e-14 8131402
1.054393 4.33957e-14 8161998
1.055702 4.38612e-14 8163954
1.057011 4.43923e-14 8195794
1.058320 4.498e-14 8199338
1.059629 4.58473e-14 8258964
1.060938 4.63838e-14 8239484
1.062247 4.741e-14 8285186
1.063556 4.82961e-14 8293124
1.064865 4.92527e-14 8310148
1.066174 5.06163e-14 8340618
1.067483 5.20199e-14 8358086
1.068792 5.36567e-14 8375714
1.070101 5.54168e-14 8395410
1.071411 5.73876e-14 8432304
1.072720 5.9306e-14 8431600
1.074029 6.2285e-14 8450002
1.075338 6.48094e-14 8493314
1.076647 6.87996e-14 8495662
1.077956 7.28308e-14 8528130
1.079265 7.81065e-14 8537762
1.080574 8.41324e-14 8565570
1.081883 8.81572e-14 8581582
1.083192 9.61823e-14 8598906
1.084501 1.02666e-13 8629554
1.085810 1.11817e-13 8645102
1.087119 1.2536e-13 8670978
1.088428 1.36652e-13 8682746
1.089737 1.53871e-13 8708218
1.091046 1.70597e-13 8737270
1.092355 1.98433e-13 8754986
1.093664 2.24952e-13 8761314
1.094973 2.42392e-13 8797550
1.096282 2.71869e-13 8807298
1.097591 3.25641e-13 8835930
1.098900 3.60436e-13 8855774
1.100209 4.0884e-13 8881346
1.101518 4.06404e-13 8903898
1.102827 3.49713e-13 8912522
1.104136 2.87836e-13 8951486
1.105446 2.48528e-13 8955986
1.106755 2.17675e-13 8986746
1.108064 1.87866e-13 8999558
1.109373 1.61046e-13 9030042
1.110682 1.45395e-13 9049298
1.111991 1.26383e-13 9065514
1.113300 1.15474e-13 9096212
1.114609 1.02179e-13 9103788
1.115918 9.53581e-14 9136418
1.117227 8.84195e-14 9161356
1.118536 8.19292e-14 9162484
1.119845 7.77809e-14 9204026
1.121154 7.32845e-14 9214140
1.122463 6.95457e-14 9243476
1.123772 6.61738e-14 9255026
1.125081 6.3789e-14 9285210
1.126390 6.15012e-14 9304670
1.127699 5.97189e-14 9321738
1.129008 5.81104e-14 9352058
1.130317 5.67916e-14 9371454
1.131626 5.56197e-14 9386690
1.132935 5.46655e-14 9425098
1.134244 5.35415e-14 9424162
1.135553 5.27464e-14 9464134
1.136862 5.20567e-14 9478808
1.138171 5.14544e-14 9497500
1.139480 5.0957e-14 9521862
1.140790 5.05631e-14 9549690
1.142099 5.00926e-14 9565786
1.143408 4.98299e-14 9594450
1.144717 4.94888e-14 9600158
1.146026 4.9242e-14 9631002
1.147335 4.89809e-14 9649826
1.148644 4.8852e-14 9681694
1.149953 4.86926e-14 9695762
1.151262 4.84743e-14 9722170
1.152571 4.83621e-14 9730860
1.153880 4.83463e-14 9771020
1.155189 4.82654e-14 9792090
1.156498 4.81456e-14 9805816
1.157807 4.81539e-14 9835816
1.159116 4.81273e-14 9851594
1.160425 4.80952e-14 9878904
1.161734 4.80243e-14 9890456
1.163043 4.8123e-14 9922962
1.164352 4.80997e-14 9953912
1.165661 4.80519e-14 9960604
1.166970 4.81488e-14 9991590
1.168279 4.81796e-14 10004944
1.169588 4.82422e-14 10029292
1.170897 4.8247e-14 10048190
1.172206 4.83911e-14 10084560
1.173515 4.83801e-14 10097988
1.174824 4.84227e-14 10111702
1.176134 4.86084e-14 10151442
1.177443 4.86758e-14 10169418
1.178752 4.87467e-14 10190618
1.180061 4.88806e-14 10218438
1.181370 4.88317e-14 10216082
1.182679 4.91875e-14 10284974
1.183988 4.90839e-14 10265058
1.185297 4.92953e-14 10308506
1.186606 4.94483e-14 10325986
1.187915 4.95776e-14 10350970
1.189224 4.97085e-14 10373814
1.190533 4.98508e-14 10391044
1.191842 5.00179e-14 10408912
1.193151 5.02592e-14 10449198
1.194460 5.03532e-14 10455642
1.195769 5.06472e-14 10501354
1.197078 5.07015e-14 10494138
1.198387 5.10537e-14 10546998
1.199696 5.10869e-14 10544746
1.201005 5.13308e-14 10577618
1.202314 5.15738e-14 10599302
1.203623 5.17773e-14 10625946
1.204932 5.21062e-14 10653970
1.206241 5.22779e-14 10661518
1.207550 5.26622e-14 10703754
1.208859 5.28702e-14 10714706
1.210168 5.32196e-14 10736742
1.211478 5.35963e-14 10771346
1.212787 5.38594e-14 10779578
1.214096 5.42344e-14 10807674
1.215405 5.46878e-14 10835870
1.216714 5.51614e-14 10867386
1.218023 5.56233e-14 10881594
1.219332 5.60932e-14 10891810
1.220641 5.66995e-14 10929966
1.221950 5.7377e-14 10961208
1.223259 5.7977e-14 10962932
1.224568 5.89116e-14 11003390
1.225877 5.97839e-14 11015960
1.227186 6.08332e-14 11047620
1.228495 6.17498e-14 11062502
1.229804 6.30332e-14 11097312
1.231113 6.44662e-14 11109644
1.232422 6.59428e-14 11147306
1.233731 6.79328e-14 11150030
1.235040 7.02217e-14 11197074
1.236349 7.29422e-14 11213154
1.237658 7.59993e-14 11245932
1.238967 7.80627e-14 11243132
1.240276 8.23518e-14 11279834
1.241585 8.56874e-14 11302688
1.242894 9.01121e-14 11328264
1.244203 9.72254e-14 11355962
1.245512 1.03178e-13 11381704
1.246822 1.11959e-13 11390464
1.248131 1.20472e-13 11439506
1.249440 1.34769e-13 11442418
1.250749 1.48786e-13 11469350
1.252058 1.58602e-13 11494970
1.253367 1.73483e-13 11525762
1.254676 2.02838e-13 11536938
1.255985 2.23016e-13 11569686
1.257294 2.45603e-13 11585458
1.258603 2.39211e-13 11634042
1.259912 2.0975e-13 11628582
1.261221 1.77375e-13 11677752
1.262530 1.57938e-13 11684092
1.263839 1.43657e-13 11724898
1.265148 1.2869e-13 11735062
1.266457 1.1485e-13 11751834
1.267766 1.07179e-13 11797394
1.269075 9.7724e-14 11804070
1.270384 9.22555e-14 11844674
1.271693 8.58359e-14 11862338
1.273002 8.22749e-14 11887050
1.274311 7.88723e-14 11904110
1.275620 7.5713e-14 11927874
1.276929 7.36402e-14 11959274
1.278238 7.14722e-14 11986334
1.279547 6.96228e-14 12004504
1.280856 6.79396e-14 12029548
1.282166 6.68174e-14 12067070
1.283475 6.57196e-14 12083624
1.284784 6.47445e-14 12090700
1.286093 6.40607e-14 12130562
1.287402 6.34984e-14 12164318
1.288711 6.2894e-14 12167034
1.290020 6.24956e-14 12216002
1.291329 6.2005e-14 12224030
1.292638 6.16812e-14 12262530
1.293947 6.13745e-14 12272610
1.295256 6.1182e-14 12305882
1.296565 6.08635e-14 12309590
1.297874 6.08793e-14 12365946
1.299183 6.06857e-14 12383882
1.300492 6.06118e-14 12409854
1.301801 6.04826e-14 12416586
1.303110 6.0527e-14 12468896
1.304419 6.03258e-14 12467576
1.305728 6.03705e-14 12498962
1.307037 6.03525e-14 12532458
1.308346 6.03221e-14 12559706
1.309655 6.02689e-14 12574874
1.310964 6.03646e-14 12610662
1.312273 6.03826e-14 12628802
1.313582 6.03807e-14 12643494
1.314891 6.05435e-14 12696760
1.316200 6.04631e-14 12695092
1.317510 6.0531e-14 12721754
1.318819 6.06423e-14 12752742
1.320128 6.07119e-14 12781418
1.321437 6.07672e-14 12805850
1.322746 6.07974e-14 12832670
1.324055 6.09691e-14 12868242
1.325364 6.10131e-14 12882042
1.326673 6.11379e-14 12905206
1.327982 6.11723e-14 12930570
1.329291 6.14e-14 12965586
1.330600 6.13203e-14 12981460
1.331909 6.14691e-14 13005292
1.333218 6.16178e-14 13042106
1.334527 6.1781e-14 13065422
1.335836 6.18306e-14 13070754
1.337145 6.197e-14 13118390
1.338454 6.20366e-14 13137966
1.339763 6.22351e-14 13169474
1.341072 6.22633e-14 13178910
1.342381 6.25159e-14 13226906
1.343690 6.25724e-14 13240410
1.344999 6.2733e-14 13272438
1.346308 6.28304e-14 13283842
1.347617 6.29935e-14 13320018
1.348926 6.30696e-14 13342146
1.350235 6.32321e-14 13371638
1.351544 6.33582e-14 13392146
1.352854 6.36031e-14 13431498
1.354163 6.36489e-14 13445990
1.355472 6.38971e-14 13483898
1.356781 6.39124e-14 13484466
1.358090 6.41869e-14 13529270
1.359399 6.42643e-14 13542922
1.360708 6.46064e-14 13588666
1.362017 6.46102e-14 13594586
1.363326 6.48351e-14 13633446
1.364635 6.50671e-14 13677974
1.365944 6.51325e-14 13676598
1.367253 6.54794e-14 13711622
1.368562 6.55473e-14 13730442
1.369871 6.57778e-14 13759730
1.371180 6.59998e-14 13789010
1.372489 6.62175e-14 13810230
1.373798 6.64724e-14 13852706
1.375107 6.66983e-14 13866378
1.376416 6.69201e-14 13892558
1.377725 6.71957e-14 13909026
1.379034 6.75507e-14 13962434
1.380343 6.77869e-14 13958558
1.381652 6.82495e-14 14005386
1.382961 6.85357e-14 14020850
1.384270 6.90142e-14 14062890
1.385579 6.93381e-14 14067134
1.386889 6.97918e-14 14108610
1.388198 7.03115e-14 14133338
1.389507 7.09161e-14 14169686
1.390816 7.14588e-14 14183714
1.392125 7.22804e-14 14212338
1.393434 7.32413e-14 14243058
1.394743 7.41096e-14 14267630
1.396052 7.48964e-14 14287898
1.397361 7.6271e-14 14327322
1.398670 7.73483e-14 14348462
1.399979 7.86374e-14 14368362
1.401288 8.07992e-14 14393066
1.402597 8.26325e-14 14435754
1.403906 8.53191e-14 14459078
1.405215 8.76972e-14 14488058
1.406524 9.18691e-14 14493402
1.407833 9.60386e-14 14535134
1.409142 9.90784e-14 14563314
1.410451 1.03423e-13 14601034
1.411760 1.11923e-13 14596102
1.413069 1.18243e-13 14642138
1.414378 1.23385e-13 14678618
1.415687 1.19645e-13 14702130
1.416996 1.11479e-13 14730350
1.418305 1.02093e-13 14740746
1.419614 9.72022e-14 14787410
1.420923 9.33349e-14 14811686
1.422233 8.92504e-14 14832954
1.423542 8.55125e-14 14862602
1.424851 8.32721e-14 14869266
1.426160 8.10709e-14 14928158
1.427469 7.96458e-14 14954250
1.428778 7.79015e-14 14964530
1.430087 7.69964e-14 14994326
1.431396 7.6315e-14 15035802
1.432705 7.54379e-14 15052082
1.434014 7.49909e-14 15067726
1.435323 7.4545e-14 15108202
1.436632 7.41723e-14 15148458
1.437941 7.37989e-14 15161834
1.439250 7.3531e-14 15191822
1.440559 7.33251e-14 15211698
1.441868 7.3238e-14 15250730
1.443177 7.31479e-14 15270174
1.444486 7.30503e-14 15302666
1.445795 7.30678e-14 15330714
1.447104 7.30848e-14 15373610
1.448413 7.29696e-14 15372998
1.449722 7.30687e-14 15422106
1.451031 7.30749e-14 15441434
1.452340 7.30653e-14 15471438
1.453649 7.3059e-14 15479650
1.454958 7.3245e-14 15537282
1.456267 7.32369e-14 15542274
1.457577 7.33939e-14 15591446
1.458886 7.34137e-14 15597234
1.460195 7.36423e-14 15656906
1.461504 7.35805e-14 15657878
1.462813 7.36143e-14 15670314
1.464122 7.3834e-14 15726482
1.465431 7.39927e-14 15762222
1.466740 7.38714e-14 15759578
1.468049 7.4189e-14 15818010
1.469358 7.42455e-14 15827426
1.470667 7.4391e-14 15874206
1.471976 7.44265e-14 15893882
1.473285 7.45447e-14 15923138
1.474594 7.4622e-14 15935238
1.475903 7.47547e-14 15981386
1.477212 7.48513e-14 15995466
1.478521 7.51082e-14 16040354
1.479830 7.51605e-14 16054686
1.481139 7.53086e-14 16098194
1.482448 7.54146e-14 16117466
1.483757 7.54816e-14 16136790
1.485066 7.56417e-14 16168058
1.486375 7.5786e-14 16215762
1.487684 7.58245e-14 16215374
1.488993 7.60217e-14 16263362
1.490302 7.61398e-14 16286730
1.491611 7.62501e-14 16320866
1.492921 7.64246e-14 16350414
1.494230 7.64359e-14 16360970
1.495539 7.66307e-14 16409922
1.496848 7.67812e-14 16427606
1.498157 7.69235e-14 16468058
1.499466 7.69995e-14 16487370
1.500775 7.71822e-14 16513490
1.502084 7.73121e-14 16549110
1.503393 7.74241e-14 16577714
1.504702 7.75385e-14 16606770
1.506011 7.75982e-14 16621142
1.507320 7.78596e-14 16669082
1.508629 7.79688e-14 16683882
1.509938 7.81034e-14 16728074
1.511247 7.82525e-14 16761582
1.512556 7.83594e-14 16774754
1.513865 7.84207e-14 16797450
1.515174 7.86474e-14 16854070
1.516483 7.86305e-14 16842666
1.517792 7.89809e-14 16909386
1.519101 7.90047e-14 16912622
1.520410 7.91529e-14 16958106
1.521719 7.93259e-14 16990946
1.523028 7.93537e-14 17008058
1.524337 7.94654e-14 17029590
1.525646 7.97254e-14 17083610
1.526955 7.98052e-14 17100306
1.528265 7.98761e-14 17127974
1.529574 7.99426e-14 17136162
1.530883 8.03322e-14 17213954
1.532192 8.02177e-14 17200730
1.533501 8.04381e-14 17252046
1.534810 8.06179e-14 17274378
1.536119 8.0711e-14 17315330
1.537428 8.09422e-14 17327294
1.538737 8.09304e-14 17360250
1.540046 8.10926e-14 17392514
1.541355 8.12691e-14 17420102
1.542664 8.14799e-14 17461362
1.543973 8.1583e-14 17488130
1.545282 8.15747e-14 17502306
1.546591 8.174e-14 17536382
1.547900 8.19566e-14 17580242
1.549209 8.21177e-14 17609874
1.550518 8.22036e-14 17618494
1.551827 8.23011e-14 17655106
1.553136 8.25192e-14 17702114
1.554445 8.25029e-14 17712186
1.555754 8.27419e-14 17756582
1.557063 8.28069e-14 17776514
1.558372 8.29484e-14 17804930
1.559681 8.31879e-14 17851086
1.560990 8.31807e-14 17866722
1.562299 8.335e-14 17906226
1.563609 8.33775e-14 17918894
1.564918 8.35986e-14 17977826
1.566227 8.36561e-14 17979314
1.567536 8.39018e-14 18018186
1.568845 8.39185e-14 18042782
1.570154 8.41055e-14 18078810
1.571463 8.42684e-14 18096791
1.572772 8.42872e-14 18060624
1.574081 8.43893e-14 18059660
1.575390 8.4573e-14 18055664
1.576699 8.4662e-14 18033808
1.578008 8.4777e-14 18017824
1.579317 8.46657e-14 17968596
1.580626 8.50024e-14 17999012
1.581935 8.49621e-14 17963252
1.583244 8.50207e-14 17954952
1.584553 8.50396e-14 17933416
1.585862 8.50072e-14 17905456
1.587171 8.50759e-14 17912096
1.588480 8.51448e-14 17895820
1.589789 8.50555e-14 17862460
1.591098 8.51182e-14 17863988
1.592407 8.49733e-14 17813928
1.593716 8.51739e-14 17853104
1.595025 8.49461e-14 17789664
1.596334 8.503e-14 17797952
1.597643 8.50473e-14 17778684
1.598953 8.49231e-14 17756960
1.600262 8.49208e-14 17741628
1.601571 8.485e-14 17723624
1.602880 8.48171e-14 17714528
1.604189 8.47207e-14 17704776
1.605498 8.46631e-14 17675612
1.606807 8.4557e-14 17645916
1.608116 8.45663e-14 17660444
1.609425 8.43678e-14 17623820
1.610734 8.42596e-14 17605752
1.612043 8.42133e-14 17606344
1.613352 8.39879e-14 17570224
1.614661 8.40933e-14 17579816
1.615970 8.37922e-14 17538304
1.617279 8.37143e-14 17522800
1.618588 8.35811e-14 17518040
1.619897 8.34731e-14 17492336
1.621206 8.33552e-14 17473080
1.622515 8.32201e-14 17472504
1.623824 8.29374e-14 17425664
1.625133 8.29527e-14 17435624
1.626442 8.27544e-14 17404908
1.627751 8.26336e-14 17403984
1.629060 8.2349e-14 17362736
1.630369 8.22682e-14 17364896
1.631678 8.21095e-14 17336856
1.632987 8.18699e-14 17318468
1.634297 8.17755e-14 17303300
1.635606 8.15703e-14 17294592
1.636915 8.13775e-14 17264648
1.638224 8.12324e-14 17263908
1.639533 8.09373e-14 17219616
1.640842 8.08179e-14 17221964
1.642151 8.05507e-14 17195072
1.643460 8.05104e-14 17204468
1.644769 8.00991e-14 17137968
1.646078 7.99753e-14 17142752
1.647387 7.98651e-14 17145204
1.648696 7.95177e-14 17098856
1.650005 7.93508e-14 17095352
1.651314 7.89625e-14 17061868
1.652623 7.89962e-14 17062072
1.653932 7.87621e-14 17055296
1.655241 7.83817e-14 17000116
1.656550 7.81816e-14 17005088
1.657859 7.8034e-14 16982684
1.659168 7.77872e-14 16967584
1.660477 7.75484e-14 16948792
1.661786 7.72509e-14 16916396
1.663095 7.70261e-14 16907844
1.664404 7.68377e-14 16884272
1.665713 7.65942e-14 16880208
1.667022 7.63057e-14 16856324
1.668332 7.59397e-14 16813208
1.669641 7.58731e-14 16827296
1.670950 7.55673e-14 16780404
1.672259 7.53685e-14 16794000
1.673568 7.49258e-14 16733456
1.674877 7.4831e-14 16740920
1.676186 7.4633e-14 16737660
1.677495 7.42046e-14 16684868
1.678804 7.40403e-14 16688076
1.680113 7.37607e-14 16663376
1.681422 7.34596e-14 16630784
1.682731 7.32814e-14 16637568
1.684040 7.29047e-14 16604384
1.685349 7.26008e-14 16578096
1.686658 7.23157e-14 16552400
1.687967 7.21437e-14 16556736
1.689276 7.1828e-14 16525772
1.690585 7.14971e-14 16493412
1.691894 7.13081e-14 16492952
1.693203 7.10687e-14 16474108
1.694512 7.06721e-14 16431748
1.695821 7.04707e-14 16428320
1.697130 7.01722e-14 16398960
1.698439 6.99314e-14 16397060
1.699748 6.96182e-14 16366320
1.701057 6.9243e-14 16342780
1.702366 6.90098e-14 16321644
1.703676 6.88393e-14 16320936
1.704985 6.8454e-14 16282052
1.706294 6.82189e-14 16266660
1.707603 6.78504e-14 16247576
1.708912 6.76389e-14 16230720
1.710221 6.72902e-14 16204988
1.711530 6.69544e-14 16170884
1.712839 6.67819e-14 16174632
1.714148 6.64444e-14 16142936
1.715457 6.60748e-14 16110492
1.716766 6.59143e-14 16115468
1.718075 6.53979e-14 16055096
1.719384 6.53253e-14 16079736
1.720693 6.50343e-14 16044424
1.722002 6.46321e-14 16013056
1.723311 6.4296e-14 15995696
1.724620 6.40058e-14 15965076
1.725929 6.38254e-14 15967508
1.727238 6.34397e-14 15931688
1.728547 6.31513e-14 15911532
1.729856 6.28609e-14 15893612
1.731165 6.25881e-14 15865116
1.732474 6.23307e-14 15865772
1.733783 6.1905e-14 15816384
1.735092 6.16974e-14 15821100
1.736401 6.13339e-14 15770748
1.737710 6.1162e-14 15781012
1.739020 6.07348e-14 15733736
1.740329 6.04341e-14 15722908
1.741638 6.01502e-14 15692332
1.742947 5.98989e-14 15679344
1.744256 5.95843e-14 15662084
1.745565 5.9249e-14 15640484
1.746874 5.8953e-14 15602268
1.748183 5.87283e-14 15601368
1.749492 5.83398e-14 15561008
1.750801 5.80797e-14 15552524
1.752110 5.76947e-14 15513060
1.753419 5.7481e-14 15510272
1.754728 5.71115e-14 15483868
1.756037 5.67908e-14 15448940
1.757346 5.65189e-14 15432088
1.758655 5.62783e-14 15421296
1.759964 5.59808e-14 15394664
1.761273 5.55876e-14 15367004
1.762582 5.53462e-14 15338808
1.763891 5.50782e-14 15336368
1.765200 5.4726e-14 15300924
1.766509 5.44533e-14 15279148
1.767818 5.409e-14 15251808
1.769127 5.39197e-14 15245148
1.770436 5.35205e-14 15208748
1.771745 5.32646e-14 15192408
1.773054 5.29152e-14 15153176
1.774364 5.27188e-14 15151584
1.775673 5.23294e-14 15114836
1.776982 5.20337e-14 15104960
1.778291 5.17065e-14 15069816
1.779600 5.1464e-14 15047144
1.780909 5.11892e-14 15031512
1.782218 5.08863e-14 15000800
1.783527 5.05708e-14 14983752
1.784836 5.02868e-14 14955968
1.786145 4.99769e-14 14942108
1.787454 4.96645e-14 14905284
1.788763 4.94404e-14 14890016
1.790072 4.90756e-14 14867244
1.791381 4.87695e-14 14834504
1.792690 4.85133e-14 14819928
1.793999 4.82217e-14 14793164
1.795308 4.7986e-14 14777060
1.796617 4.76292e-14 14739468
1.797926 4.73391e-14 14724724
1.799235 4.70446e-14 14695744
1.800544 4.68383e-14 14685272
1.801853 4.64498e-14 14643536
1.803162 4.62226e-14 14632308
1.804471 4.5895e-14 14600624
1.805780 4.56007e-14 14577804
1.807089 4.53272e-14 14540636
1.808398 4.50576e-14 14542800
1.809708 4.47942e-14 14506656
1.811017 4.45e-14 14487088
1.812326 4.41772e-14 14454072
1.813635 4.39437e-14 14430364
1.814944 4.36857e-14 14421292
1.816253 4.33439e-14 14379020
1.817562 4.30551e-14 14354784
1.818871 4.28148e-14 14343632
1.820180 4.25415e-14 14309624
1.821489 4.22309e-14 14283968
1.822798 4.19124e-14 14247744
1.824107 4.1718e-14 14251560
1.825416 4.141e-14 14208572
1.826725 4.11425e-14 14192256
1.828034 4.08353e-14 14152412
1.829343 4.05975e-14 14139628
1.830652 4.03105e-14 14111656
1.831961 4.00774e-14 14091140
1.833270 3.97541e-14 14060796
1.834579 3.94728e-14 14029580
1.835888 3.92487e-14 14014220
1.837197 3.89548e-14 13985060
1.838506 3.86996e-14 13957248
1.839815 3.84139e-14 13940028
1.841124 3.81571e-14 13903748
1.842433 3.79446e-14 13896768
1.843742 3.76301e-14 13851692
1.845052 3.73697e-14 13840696
1.846361 3.71015e-14 13805212
1.847670 3.68382e-14 13777748
1.848979 3.65821e-14 13764960
1.850288 3.63206e-14 13727072
1.851597 3.60222e-14 13692860
1.852906 3.58347e-14 13695168
1.854215 3.5515e-14 13647260
1.855524 3.53124e-14 13628172
1.856833 3.503e-14 13604880
1.858142 3.48249e-14 13575704
1.859451 3.45283e-14 13541840
1.860760 3.42791e-14 13518372
1.862069 3.39886e-14 13498496
1.863378 3.37801e-14 13470320
1.864687 3.35228e-14 13446576
1.865996 3.32456e-14 13417664
1.867305 3.30332e-14 13389996
1.868614 3.27477e-14 13362980
1.869923 3.2536e-14 13333364
1.871232 3.22982e-14 13319832
1.872541 3.20131e-14 13276520
1.873850 3.18099e-14 13259496
1.875159 3.15208e-14 13225184
1.876468 3.13419e-14 13217904
1.877777 3.10083e-14 13166948
1.879086 3.08196e-14 13152536
1.880396 3.05664e-14 13118964
1.881705 3.03502e-14 13096388
1.883014 3.00867e-14 13071984
1.884323 2.98465e-14 13043132
1.885632 2.96539e-14 13012440
1.886941 2.94332e-14 12997784
1.888250 2.91534e-14 12949688
1.889559 2.89777e-14 12936192
1.890868 2.87221e-14 12915980
1.892177 2.84381e-14 12867840
1.893486 2.82833e-14 12863840
1.894795 2.7999e-14 12813112
1.896104 2.78008e-14 12798712
1.897413 2.75865e-14 12779084
1.898722 2.73335e-14 12729432
1.900031 2.7123e-14 12721328
1.901340 2.68713e-14 12675360
1.902649 2.66859e-14 12657368
1.903958 2.64338e-14 12631112
1.905267 2.62653e-14 12602844
1.906576 2.59707e-14 12572304
1.907885 2.58285e-14 12551732
1.909194 2.5558e-14 12514436
1.910503 2.53731e-14 12490548
1.911812 2.51437e-14 12462080
1.913121 2.49185e-14 12434084
1.914430 2.47205e-14 12398652
1.915740 2.45187e-14 12386936
1.917049 2.43093e-14 12350184
1.918358 2.40695e-14 12317480
1.919667 2.38539e-14 12285780
1.920976 2.36846e-14 12269984
1.922285 2.34807e-14 12241760
1.923594 2.3262e-14 12198048
1.924903 2.30473e-14 12172052
1.926212 2.28841e-14 12162268
1.927521 2.26221e-14 12113116
1.928830 2.24515e-14 12091268
1.930139 2.22619e-14 12055068
1.931448 2.20837e-14 12042776
1.932757 2.18562e-14 12000168
1.934066 2.16639e-14 11973744
1.935375 2.14908e-14 11950964
1.936684 2.12616e-14 11913752
1.937993 2.10964e-14 11892276
1.939302 2.08783e-14 11860340
1.940611 2.06863e-14 11826668
1.941920 2.05152e-14 11804568
1.943229 2.03003e-14 11765444
1.944538 2.01202e-14 11744908
1.945847 1.99201e-14 11707408
1.947156 1.97765e-14 11695496
1.948465 1.95714e-14 11645180
1.949775 1.93991e-14 11626680
1.951084 1.92038e-14 11592492
1.952393 1.90409e-14 11560328
1.953702 1.8826e-14 11534376
1.955011 1.86703e-14 11511596
1.956320 1.84625e-14 11464376
1.957629 1.83265e-14 11452788
1.958938 1.81474e-14 11410388
1.960247 1.79563e-14 11387068
1.961556 1.77959e-14 11356876
1.962865 1.76026e-14 11324660
1.964174 1.74359e-14 11293224
1.965483 1.72697e-14 11262896
1.966792 1.71099e-14 11238480
1.968101 1.69125e-14 11199620
1.969410 1.67684e-14 11178408
1.970719 1.65954e-14 11139416
1.972028 1.64424e-14 11117144
1.973337 1.62491e-14 11071560
1.974646 1.61108e-14 11058860
1.975955 1.59419e-14 11023296
1.977264 1.57668e-14 10978424
1.978573 1.5627e-14 10969260
1.979882 1.54733e-14 10931020
1.981191 1.52988e-14 10894056
1.982500 1.51541e-14 10869228
1.983809 1.49935e-14 10833440
1.985119 1.48441e-14 10809720
1.986428 1.46811e-14 10772156
1.987737 1.45257e-14 10738968
1.989046 1.43926e-14 10727264
1.990355 1.42144e-14 10664792
1.991664 1.40842e-14 10658832
1.992973 1.39237e-14 10611500
1.994282 1.37679e-14 10590768
1.995591 1.36463e-14 10556456
1.996900 1.34941e-14 10525820
1.998209 1.33397e-14 10492476
1.999518 1.32061e-14 10459724
2.000827 1.30474e-14 10430820
2.002136 1.29283e-14 10399804
2.003445 1.27795e-14 10361764
2.004754 1.26413e-14 10343816
2.006063 1.24932e-14 10286768
2.007371 1.23669e-14 10285128
2.008680 1.22132e-14 10226432
2.009989 1.2103e-14 10220028
2.011298 1.19488e-14 10169264
2.012607 1.18254e-14 10135884
2.013916 1.16948e-14 10118976
2.015225 1.15607e-14 10080844
2.016534 1.14248e-14 10048188
2.017843 1.12957e-14 10016784
2.019152 1.1164e-14 9977012
2.020461 1.104e-14 9955340
2.021770 1.09148e-14 9914612
2.023078 1.07969e-14 9891228
2.024387 1.0659e-14 9851348
2.025696 1.05361e-14 9820140
2.027005 1.04212e-14 9786104
2.028314 1.02939e-14 9747912
2.029623 1.01975e-14 9733552
2.030932 1.00565e-14 9685584
2.032241 9.93593e-15 9654264
2.033550 9.83195e-15 9634220
2.034859 9.69047e-15 9578028
2.036168 9.59845e-15 9569000
2.037477 9.47327e-15 9516188
2.038785 9.37322e-15 9503076
2.040094 9.25019e-15 9452336
2.041403 9.1297e-15 9418044
2.042712 9.03214e-15 9400124
2.044021 8.93232e-15 9359064
2.045330 8.80729e-15 9326264
2.046639 8.69898e-15 9295452
2.047948 8.5877e-15 9256604
2.049257 8.49533e-15 9235348
2.050566 8.37458e-15 9179776
2.051875 8.28135e-15 9168836
2.053184 8.18221e-15 9129020
2.054492 8.07051e-15 9088488
2.055801 7.97231e-15 9057416
2.057110 7.88122e-15 9031380
2.058419 7.76285e-15 8989640
2.059728 7.68761e-15 8957496
2.061037 7.57463e-15 8928364
2.062346 7.46835e-15 8880448
2.063655 7.39075e-15 8856296
2.064964 7.296e-15 8822520
2.066273 7.2041e-15 8780672
2.067582 7.11387e-15 8763068
2.068891 7.01096e-15 8718276
2.070199 6.92175e-15 8681836
2.071508 6.82907e-15 8647372
2.072817 6.74581e-15 8619128
2.074126 6.64828e-15 8582672
2.075435 6.56303e-15 8538600
2.076744 6.48e-15 8522220
2.078053 6.39953e-15 8480612
2.079362 6.30369e-15 8440028
2.080671 6.21989e-15 8409592
2.081980 6.13954e-15 8367988
2.083289 6.05823e-15 8350676
2.084598 5.9827e-15 8301028
2.085907 5.8959e-15 8270536
2.087215 5.81753e-15 8240280
2.088524 5.72708e-15 8191388
2.089833 5.65654e-15 8169572
2.091142 5.57696e-15 8124564
2.092451 5.49742e-15 8098652
2.093760 5.42359e-15 8063424
2.095069 5.34114e-15 8015060
2.096378 5.26802e-15 7996092
2.097687 5.19639e-15 7951076
2.098996 5.12083e-15 7923944
2.100305 5.05791e-15 7882912
2.101614 4.98408e-15 7852816
2.102922 4.90633e-15 7809732
2.104231 4.84387e-15 7768896
2.105540 4.7693e-15 7746176
2.106849 4.71217e-15 7709096
2.108158 4.6391e-15 7673676
2.109467 4.5719e-15 7629536
2.110776 4.50205e-15 7597100
2.112085 4.4415e-15 7573608
2.113394 4.3666e-15 7509384
2.114703 4.31331e-15 7502480
2.116012 4.25396e-15 7454404
2.117321 4.18415e-15 7412640
2.118629 4.12846e-15 7390368
2.119938 4.05769e-15 7340024
2.121247 4.00178e-15 7317852
2.122556 3.9426e-15 7267388
2.123865 3.88577e-15 7245684
2.125174 3.82704e-15 7200160
2.126483 3.76674e-15 7155324
2.127792 3.71681e-15 7142732
2.129101 3.65543e-15 7081452
2.130410 3.60484e-15 7065072
2.131719 3.54596e-15 7016568
2.133028 3.49753e-15 6982732
2.134336 3.43575e-15 6941004
2.135645 3.3889e-15 6907540
2.136954 3.33199e-15 6876340
2.138263 3.28591e-15 6835616
2.139572 3.23286e-15 6796908
2.140881 3.18534e-15 6768104
2.142190 3.1384e-15 6718880
2.143499 3.08737e-15 6694548
2.144808 3.033e-15 6642644
2.146117 2.99129e-15 6617892
2.147426 2.94599e-15 6575280
2.148735 2.89775e-15 6536052
2.150043 2.85351e-15 6509596
2.151352 2.80985e-15 6455804
2.152661 2.76254e-15 6435648
2.153970 2.72295e-15 6383024
2.155279 2.6753e-15 6352776
2.156588 2.63493e-15 6317492
2.157897 2.58947e-15 6269624
2.159206 2.55416e-15 6247680
2.160515 2.50913e-15 6198300
2.161824 2.47236e-15 6167888
2.163133 2.43034e-15 6118856
2.164442 2.39484e-15 6087568
2.165751 2.35419e-15 6054868
2.167059 2.31579e-15 6008588
2.168368 2.27756e-15 5973660
2.169677 2.24251e-15 5939444
2.170986 2.20609e-15 5899044
2.172295 2.16829e-15 5858296
2.173604 2.13461e-15 5813392
2.174913 2.09762e-15 5793548
2.176222 2.06605e-15 5741636
2.177531 2.03365e-15 5709036
2.178840 1.99877e-15 5673128
2.180149 1.96439e-15 5622460
2.181458 1.93233e-15 5596492
2.182766 1.89983e-15 5544596
2.184075 1.86887e-15 5519668
2.185384 1.84041e-15 5476852
2.186693 1.81084e-15 5435796
2.188002 1.78309e-15 5400680
2.189311 1.74925e-15 5352120
2.190620 1.72188e-15 5329904
2.191929 1.69061e-15 5272556
2.193238 1.66626e-15 5247720
2.194547 1.63915e-15 5204864
2.195856 1.61254e-15 5161788
2.197165 1.58156e-15 5127224
2.198473 1.55733e-15 5079840
2.199782 1.53512e-15 5059072
2.201091 1.50575e-15 5001252
2.202400 1.48134e-15 4966608
2.203709 1.45696e-15 4935320
2.205018 1.4324e-15 4884636
2.206327 1.40836e-15 4855976
2.207636 1.38522e-15 4804392
2.208945 1.36064e-15 4775912
2.210254 1.33945e-15 4728644
2.211563 1.31571e-15 4690184
2.212872 1.29515e-15 4654368
2.214180 1.27119e-15 4614324
2.215489 1.24883e-15 4572776
2.216798 1.22983e-15 4531736
2.218107 1.20884e-15 4493040
2.219416 1.19058e-15 4456332
2.220725 1.16483e-15 4408064
2.222034 1.14843e-15 4375583
2.223343 1.12719e-15 4337442
2.224652 1.10869e-15 4300424
2.225961 1.09e-15 4265708
2.227270 1.06981e-15 4223752
2.228579 1.05296e-15 4199506
2.229887 1.0324e-15 4164054
2.231196 1.01897e-15 4127894
2.232505 9.98597e-16 4094232
2.233814 9.80802e-16 4066154
2.235123 9.65294e-16 4034648
2.236432 9.4751e-16 3996444
2.237741 9.33051e-16 3974996
2.239050 9.14758e-16 3937164
2.240359 8.99754e-16 3909212
2.241668 8.82978e-16 3877076
2.242977 8.68975e-16 3853446
2.244286 8.52582e-16 3818846
2.245595 8.38827e-16 3792510
2.246903 8.21932e-16 3759544
2.248212 8.0977e-16 3736390
2.249521 7.94839e-16 3702152
2.250830 7.80935e-16 3679676
2.252139 7.66577e-16 3647322
2.253448 7.54704e-16 3625880
2.254757 7.39863e-16 3597162
2.256066 7.26103e-16 3563288
2.257375 7.13177e-16 3540840
2.258684 7.02077e-16 3518738
2.259993 6.88121e-16 3485816
2.261302 6.75862e-16 3457866
2.262610 6.62847e-16 3438530
2.263919 6.52738e-16 3413856
2.265228 6.39704e-16 3381098
2.266537 6.28321e-16 3358242
2.267846 6.1606e-16 3332930
2.269155 6.06443e-16 3311186
2.270464 5.94543e-16 3282132
2.271773 5.8405e-16 3262634
2.273082 5.71923e-16 3234474
2.274391 5.61505e-16 3209430
2.275700 5.51634e-16 3184132
2.277009 5.43129e-16 3166482
2.278317 5.3151e-16 3137160
2.279626 5.21298e-16 3114566
2.280935 5.11936e-16 3090620
2.282244 5.01634e-16 3068876
2.283553 4.92504e-16 3046626
2.284862 4.82719e-16 3022916
2.286171 4.74026e-16 2997156
2.287480 4.65205e-16 2981396
2.288789 4.56382e-16 2954058
2.290098 4.47262e-16 2929052
2.291407 4.38585e-16 2908884
2.292716 4.31011e-16 2891588
2.294024 4.22441e-16 2864332
2.295333 4.14083e-16 2841412
2.296642 4.06964e-16 2826668
2.297951 3.98662e-16 2801140
2.299260 3.9143e-16 2777836
2.300569 3.82831e-16 2755734
2.301878 3.76595e-16 2740524
2.303187 3.68567e-16 2716828
2.304496 3.61322e-16 2692668
2.305805 3.5437e-16 2675534
2.307114 3.48321e-16 2658180
2.308423 3.40216e-16 2631740
2.309731 3.33269e-16 2612956
2.311040 3.26878e-16 2594758
2.312349 3.21325e-16 2575100
2.313658 3.14348e-16 2551870
2.314967 3.07679e-16 2531604
2.316276 3.01247e-16 2515870
2.317585 2.95317e-16 2496744
2.318894 2.89413e-16 2472406
2.320203 2.83886e-16 2453916
2.321512 2.78373e-16 2442118
2.322821 2.7198e-16 2416252
2.324130 2.65923e-16 2395718
2.325438 2.60926e-16 2379808
2.326747 2.55749e-16 2364106
2.328056 2.50179e-16 2340830
2.329365 2.44806e-16 2321820
2.330674 2.40302e-16 2306774
2.331983 2.35425e-16 2290014
2.333292 2.29979e-16 2268398
2.334601 2.2568e-16 2248548
2.335910 2.20697e-16 2236670
2.337219 2.15419e-16 2212846
2.338528 2.11617e-16 2196526
2.339837 2.06904e-16 2179358
2.341146 2.02632e-16 2164852
2.342454 1.97915e-16 2143734
2.343763 1.93881e-16 2126262
2.345072 1.89244e-16 2112078
2.346381 1.85961e-16 2091794
2.347690 1.81771e-16 2078742
2.348999 1.77229e-16 2056670
2.350308 1.74028e-16 2043038
2.351617 1.69787e-16 2026950
2.352926 1.66309e-16 2007518
2.354235 1.61982e-16 1989030
2.355544 1.58879e-16 1980590
2.356853 1.55186e-16 1959222
2.358161 1.52047e-16 1941566
2.359470 1.48881e-16 1927710
2.360779 1.45319e-16 1913822
2.362088 1.41915e-16 1893734
2.363397 1.38838e-16 1876038
2.364706 1.35893e-16 1866302
2.366015 1.32652e-16 1849478
2.367324 1.29387e-16 1829358
2.368633 1.26603e-16 1815326
2.369942 1.23368e-16 1803438
2.371251 1.20642e-16 1786214
2.372560 1.17649e-16 1770324
2.373868 1.15313e-16 1755062
2.375177 1.12277e-16 1741230
2.376486 1.09848e-16 1725710
2.377795 1.07338e-16 1709886
2.379104 1.04745e-16 1694870
2.380413 1.02362e-16 1682480
2.381722 9.97093e-17 1666526
2.383031 9.75463e-17 1649094
2.384340 9.52477e-17 1638222
2.385649 9.27393e-17 1625544
2.386958 9.05275e-17 1607902
2.388267 8.86971e-17 1590174
2.389575 8.64149e-17 1586864
2.390884 8.39488e-17 1565622
2.392193 8.24158e-17 1550222
2.393502 8.00681e-17 1538266
2.394811 7.78334e-17 1526272
2.396120 7.62051e-17 1510742
2.397429 7.44045e-17 1496070
2.398738 7.2423e-17 1484336
2.400047 7.05181e-17 1473078
2.401356 6.88673e-17 1455118
2.402665 6.71006e-17 1442544
2.403974 6.55411e-17 1433022
2.405282 6.36468e-17 1414184
2.406591 6.2206e-17 1406214
2.407900 6.0492e-17 1390046
2.409209 5.88778e-17 1377984
2.410518 5.73725e-17 1368542
2.411827 5.57316e-17 1350872
2.413136 5.43671e-17 1339158
2.414445 5.30199e-17 1328996
2.415754 5.16146e-17 1314486
2.417063 5.02931e-17 1300616
2.418372 4.88869e-17 1290318
2.419681 4.77927e-17 1280678
2.420990 4.6522e-17 1265336
2.422298 4.50381e-17 1249230
2.423607 4.393e-17 1245248
2.424916 4.25818e-17 1227894
2.426225 4.15372e-17 1215872
2.427534 4.03883e-17 1204182
2.428843 3.94144e-17 1196744
2.430152 3.80901e-17 1181528
2.431461 3.71026e-17 1167726
2.432770 3.60881e-17 1160252
2.434079 3.50829e-17 1147830
2.435388 3.41794e-17 1135112
2.436697 3.32244e-17 1122470
2.438005 3.22097e-17 1113768
2.439314 3.13214e-17 1103702
2.440623 3.03575e-17 1089096
2.441932 2.95395e-17 1077296
2.443241 2.86834e-17 1068942
2.444550 2.78592e-17 1059680
2.445859 2.69841e-17 1045886
2.447168 2.62506e-17 1033104
2.448477 2.55162e-17 1027112
2.449786 2.47743e-17 1015626
2.451095 2.38831e-17 1001096
2.452404 2.32774e-17 993944
2.453712 2.25928e-17 983286
2.455021 2.19236e-17 973592
2.456330 2.12297e-17 958512
2.457639 2.05557e-17 952790
2.458948 1.98986e-17 942576
2.460257 1.92974e-17 930096
2.461566 1.87441e-17 919046
2.462875 1.81854e-17 914624
2.464184 1.75664e-17 901064
2.465493 1.69656e-17 890682
2.466802 1.64021e-17 878864
2.468111 1.59371e-17 874224
2.469419 1.54155e-17 861806
2.470728 1.49199e-17 850232
2.472037 1.44816e-17 843748
2.473346 1.40109e-17 834964
2.474655 1.34612e-17 823230
2.475964 1.30293e-17 811808
2.477273 1.26092e-17 806112
2.478582 1.22175e-17 797696
2.479891 1.18277e-17 785382
2.481200 1.13837e-17 774860
2.482509 1.10532e-17 771776
2.483818 1.06468e-17 759604
2.485126 1.02548e-17 749338
2.486435 9.91068e-18 739488
2.487744 9.61283e-18 736448
2.489053 9.28277e-18 723488
2.490362 8.89148e-18 712614
2.491671 8.58923e-18 707600
2.492980 8.32299e-18 698520
2.494289 8.01171e-18 690848
2.495598 7.71655e-18 677192
2.496907 7.4453e-18 675570
2.498216 7.15771e-18 665096
2.499525 6.90761e-18 654384
2.500834 6.58515e-18 646112
2.502142 6.38746e-18 642288
2.503451 6.14568e-18 632624
2.504760 5.90695e-18 620966
2.506069 5.70491e-18 615336
2.507378 5.48604e-18 609952
2.508687 5.26819e-18 598936
2.509996 5.05852e-18 589652
2.511305 4.8797e-18 584768
2.512614 4.67804e-18 578472
2.513923 4.49579e-18 567974
2.515232 4.32521e-18 558960
2.516541 4.1515e-18 556472
2.517849 3.96122e-18 546768
2.519158 3.81243e-18 537424
2.520467 3.65508e-18 529480
2.521776 3.5114e-18 526928
2.523085 3.36195e-18 517376
2.524394 3.2011e-18 508402
2.525703 3.07597e-18 502048
2.527012 2.95535e-18 497856
2.528321 2.82644e-18 488096
2.529630 2.70135e-18 478904
2.530939 2.57959e-18 476464
2.532248 2.46873e-18 468904
2.533556 2.35159e-18 460128
2.534865 2.2589e-18 451856
2.536174 2.16919e-18 450800
2.537483 2.05803e-18 441996
2.538792 1.96562e-18 432184
2.540101 1.8741e-18 427246
2.541410 1.79519e-18 423032
2.542719 1.71146e-18 415680
2.544028 1.6233e-18 406808
2.545337 1.54797e-18 402240
2.546646 1.47737e-18 398192
2.547955 1.40319e-18 389608
2.549263 1.33248e-18 381232
2.550572 1.26792e-18 379316
2.551881 1.20133e-18 372768
2.553190 1.13884e-18 364040
2.554499 1.08514e-18 357528
2.555808 1.0387e-18 357080
2.557117 9.76302e-19 348536
2.558426 9.22221e-19 340368
2.559735 8.76225e-19 336272
2.561044 8.34085e-19 333072
2.562353 7.83282e-19 325376
2.563662 7.3696e-19 316604
2.564970 7.03534e-19 315456
2.566279 6.69017e-19 310880
2.567588 6.30866e-19 302816
2.568897 5.90947e-19 294504
2.570206 5.60134e-19 295512
2.571515 5.28526e-19 288488
2.572824 4.96406e-19 280832
2.574133 4.66316e-19 275688
2.575442 4.41489e-19 274148
2.576751 4.111e-19 267144
2.578060 3.86019e-19 259928
2.579369 3.6585e-19 256800
2.580678 3.41921e-19 254960
2.581986 3.15872e-19 246272
2.583295 2.96738e-19 239896
2.584604 2.80384e-19 239104
2.585913 2.63903e-19 235104
2.587222 2.40999e-19 227132
2.588531 2.25558e-19 220488
2.589840 2.13855e-19 222080
2.591149 1.99127e-19 216178
2.592458 1.83582e-19 208984
2.593767 1.69169e-19 204080
2.595076 1.60688e-19 203568
2.596385 1.47616e-19 197888
2.597693 1.36376e-19 191216
2.599002 1.26651e-19 189060
2.600311 1.16032e-19 185888
2.601620 1.08083e-19 180504
2.602929 1.0011e-19 173880
2.604238 9.32844e-20 175112
2.605547 8.40384e-20 169280
2.606856 7.77406e-20 163208
2.608165 7.20732e-20 158400
2.609474 6.70757e-20 160538
2.610783 5.97042e-20 153444
2.612092 5.46306e-20 147512
2.613400 5.05163e-20 144624
2.614709 4.73805e-20 145328
2.616018 4.2229e-20 138560
2.617327 3.75511e-20 132192
2.618636 3.52066e-20 132272
2.619945 3.25111e-20 130632
2.621254 2.89686e-20 124442
2.622563 2.51406e-20 117900
2.623872 2.42001e-20 120392
2.625181 2.21479e-20 116792
2.626490 1.98396e-20 110952
2.627799 1.69874e-20 105776
2.629107 1.62967e-20 107712
2.630416 1.47037e-20 103496
2.631725 1.30279e-20 98186
2.633034 1.15088e-20 95676
2.634343 1.06724e-20 95072
2.635652 9.8345e-21 90960
2.636961 8.64715e-21 85832
2.638270 8.10382e-21 86520
2.639579 7.11779e-21 83168
2.640888 6.46962e-21 78938
2.642197 5.78953e-21 74688
2.643506 5.56945e-21 77588
2.644814 4.65691e-21 72048
2.646123 4.26244e-21 67952
2.647432 4.0523e-21 65928
2.648741 3.86293e-21 67706
2.650050 3.2243e-21 61688
2.651359 2.85741e-21 57456
2.652668 2.94475e-21 58424
2.653977 2.75095e-21 58080
2.655286 2.20506e-21 51812
2.656595 2.07013e-21 48026
2.657904 2.21223e-21 51408
2.659213 2.02065e-21 49376
2.660522 1.51062e-21 42600
2.661830 1.60187e-21 39560
2.663139 1.69204e-21 45024
2.664448 1.45062e-21 41186
2.665757 1.13626e-21 34364
2.667066 1.24069e-21 33744
2.668375 1.29284e-21 37184
2.669684 1.03074e-21 33528
2.670993 9.00817e-22 26762
2.672302 9.542e-22 28920
2.673611 9.27467e-22 30176
2.674920 7.65219e-22 26624
2.676229 6.47028e-22 19668
2.677537 7.36837e-22 24818
2.678846 6.4836e-22 23928
2.680155 5.5822e-22 20360
2.681464 4.00649e-22 14232
2.682773 5.24098e-22 20402
2.684082 4.50247e-22 18464
2.685391 3.66902e-22 14856
2.686700 2.69591e-22 10916
2.688009 3.62669e-22 15144
2.689318 3.28548e-22 13634
2.690627 2.3516e-22 9920
2.691936 2.0985e-22 8496
2.693244 2.52893e-22 10664
2.694553 2.27763e-22 9498
2.695862 1.20939e-22 5204
2.697171 1.72728e-22 7128
2.698480 1.6734e-22 6968
2.699789 1.45735e-22 6056
2.701098 6.37715e-23 2706
2.702407 1.18009e-22 4808
2.703716 9.72823e-23 4056
2.705025 8.08892e-23 3368
2.706334 3.67852e-23 1446
2.707643 6.54794e-23 2456
2.708951 5.10254e-23 1928
2.710260 3.81099e-23 1464
2.711569 1.62193e-23 578
2.712878 2.51619e-23 888
2.714187 1.70056e-23 584
2.715496 1.04598e-23 314
2.716805 4.84015e-24 132
2.718114 4.41687e-24 104
2.719423 9.35121e-25 24
2.720732 5.04746e-26 1
2.722041 0 0
2.723350 0 0
2.724658 0 0
2.725967 0 0
2.727276 0 0
2.728585 0 0
2.729894 0 0
2.731203 0 0
2.732512 0 0
2.733821 0 0
2.735130 0 0
2.736439 0 0
2.737748 0 0
2.739057 0 0
2.740366 0 0
2.741674 0 0
2.742983 0 0
2.744292 0 0
2.745601 0 0
2.746910 0 0
2.748219 0 0
2.749528 0 0
2.750837 0 0
2.752146 0 0
2.753455 0 0
2.754764 0 0
2.756073 0 0
2.757381 0 0
2.758690 0 0
2.759999 0 0
2.761308 0 0
2.762617 0 0
2.763926 0 0
2.765235 0 0
2.766544 0 0
2.767853 0 0
2.769162 0 0
2.770471 0 0
2.771780 0 0
2.773088 0 0
2.774397 0 0
2.775706 0 0
2.777015 0 0
2.778324 0 0
2.779633 0 0
2.780942 0 0
2.782251 0 0
2.783560 0 0
2.784869 0 0
2.786178 0 0
2.787487 0 0
2.788795 0 0
2.790104 0 0
2.791413 0 0
2.792722 0 0
2.794031 0 0
2.795340 0 0
2.796649 0 0
2.797958 0 0
2.799267 0 0
2.800576 0 0
2.801885 0 0
2.803194 0 0
2.804502 0 0
2.805811 0 0
2.807120 0 0
2.808429 0 0
2.809738 0 0
2.811047 0 0
2.812356 0 0
2.813665 0 0
2.814974 0 0
2.816283 0 0
2.817592 0 0
2.818901 0 0
2.820210 0 0
2.821518 0 0
2.822827 0 0
2.824136 0 0
2.825445 0 0
2.826754 0 0
2.828063 0 0
2.829372 0 0
2.830681 0 0
2.831990 0 0
2.833299 0 0
2.834608 0 0
2.835917 0 0
2.837225 0 0
2.838534 0 0
2.839843 0 0
2.841152 0 0
2.842461 0 0
2.843770 0 0
2.845079 0 0
2.846388 0 0
2.847697 0 0
2.849006 0 0
2.850315 0 0
2.851624 0 0
2.852932 0 0
2.854241 0 0
2.855550 0 0
2.856859 0 0
2.858168 0 0
2.859477 0 0
2.860786 0 0
2.862095 0 0
2.863404 0 0
2.864713 0 0
2.866022 0 0
2.867331 0 0
2.868639 0 0
2.869948 0 0
2.871257 0 0
2.872566 0 0
2.873875 0 0
2.875184 0 0
2.876493 0 0
2.877802 0 0
2.879111 0 0
2.880420 0 0
2.881729 0 0
2.883038 0 0
2.884346 0 0
2.885655 0 0
2.886964 0 0
2.888273 0 0
2.889582 0 0
2.890891 0 0
2.892200 0 0
2.893509 0 0
2.894818 0 0
2.896127 0 0
2.897436 0 0
2.898745 0 0
2.900054 0 0
2.901362 0 0
2.902671 0 0
2.903980 0 0
2.905289 0 0
2.906598 0 0
2.907907 0 0
2.909216 0 0
2.910525 0 0
2.911834 0 0
2.913143 0 0
2.914452 0 0
2.915761 0 0
2.917069 0 0
2.918378 0 0
2.919687 0 0
2.920996 0 0
2.922305 0 0
2.923614 0 0
2.924923 0 0
2.926232 0 0
2.927541 0 0
2.928850 0 0
2.930159 0 0
2.931468 0 0
2.932776 0 0
2.934085 0 0
2.935394 0 0
2.936703 0 0
2.938012 0 0
2.939321 0 0
2.940630 0 0
2.941939 0 0
2.943248 0 0
2.944557 0 0
2.945866 0 0
2.947175 0 0
2.948483 0 0
2.949792 0 0
2.951101 0 0
2.952410 0 0
2.953719 0 0
2.955028 0 0
2.956337 0 0
2.957646 0 0
2.958955 0 0
2.960264 0 0
2.961573 0 0
2.962882 0 0
2.964190 0 0
2.965499 0 0
2.966808 0 0
2.968117 0 0
2.969426 0 0
2.970735 0 0
2.972044 0 0
2.973353 0 0
2.974662 0 0
2.975971 0 0
2.977280 0 0
2.978589 0 0
2.979897 0 0
2.981206 0 0
2.982515 0 0
2.983824 0 0
2.985133 0 0
2.986442 0 0
2.987751 0 0
2.989060 0 0
2.990369 0 0
2.991678 0 0
2.992987 0 0
2.994296 0 0
2.995605 0 0
2.996913 0 0
2.998222 0 0
2.999531 0 0
3.000840 0 0
3.002149 0 0
3.003458 0 0
3.004767 0 0
3.006076 0 0
3.007385 0 0
3.008694 0 0
3.010003 0 0
3.011312 0 0
3.012620 0 0
3.013929 0 0
3.015238 0 0
3.016547 0 0
3.017856 0 0
3.019165 0 0
3.020474 0 0
3.021783 0 0
3.023092 0 0
3.024401 0 0
3.025710 0 0
3.027019 0 0
3.028327 0 0
3.029636 0 0
3.030945 0 0
3.032254 0 0
3.033563 0 0
3.034872 0 0
3.036181 0 0
3.037490 0 0
3.038799 0 0
3.040108 0 0
3.041417 0 0
3.042726 0 0
3.044034 0 0
3.045343 0 0
3.046652 0 0
3.047961 0 0
3.049270 0 0
3.050579 0 0
3.051888 0 0
3.053197 0 0
3.054506 0 0
3.055815 0 0
3.057124 0 0
3.058433 0 0
3.059741 0 0
3.061050 0 0
3.062359 0 0
3.063668 0 0
3.064977 0 0
3.066286 0 0
3.067595 0 0
3.068904 0 0
3.070213 0 0
3.071522 0 0
3.072831 0 0
3.074140 0 0
3.075449 0 0
3.076757 0 0
3.078066 0 0
3.079375 0 0
3.080684 0 0
3.081993 0 0
3.083302 0 0
3.084611 0 0
3.085920 0 0
3.087229 0 0
3.088538 0 0
3.089847 0 0
3.091156 0 0
3.092464 0 0
3.093773 0 0
3.095082 0 0
3.096391 0 0
3.097700 0 0
3.099009 0 0
3.100318 0 0
3.101627 0 0
3.102936 0 0
3.104245 0 0
3.105554 0 0
3.106863 0 0
3.108171 0 0
3.109480 0 0
3.110789 0 0
3.112098 0 0
3.113407 0 0
3.114716 0 0
3.116025 0 0
3.117334 0 0
3.118643 0 0
3.119952 0 0
3.121261 0 0
3.122570 0 0
3.123878 0 0
3.125187 0 0
3.126496 0 0
3.127805 0 0
3.129114 0 0
3.130423 0 0
3.131732 0 0
3.133041 0 0
3.134350 0 0
3.135659 0 0
3.136968 0 0
3.138277 0 0
3.139585 0 0
3.140894 0 0
